-2.738042305023400331e+03
3.372717463041521842e+04
-2.717398957933561906e+04
-1.326045443613232055e+04
-7.128916519342817992e+03
4.556285323605696613e+04
4.775530825639533577e+04
-2.028943168322896599e+04
-1.064638722971245807e+04
1.619349864135072858e+04
1.619349864135072858e+04
-5.695087388390551496e+03
5.261015508731306909e+04
-4.362313871513040795e+04
-3.136006288155140646e+04
-1.853666050168677975e+04
-2.941482595736346411e+04
-1.326045443613232055e+04
-1.858674627430989403e+03
-1.677792514650196244e+04
-2.322876337745504861e+04
-1.326045443613232055e+04
-1.358553979215170511e+04
-1.858674627430989403e+03
-1.064638722971245807e+04
6.134375804357926245e+04
-3.502632368052159563e+03
-4.187036753358822170e+04
-9.640313590271129215e+03
2.195365015370603942e+03
1.364321941937664633e+03
-1.941006400563655916e+04
-1.240466524060674419e+04
-2.322876337745504861e+04
4.381008205451477261e+04
-1.459712026094513021e+04
-1.238108675853991190e+04
-7.447858569932736827e+03
-3.617409982615812623e+03
-6.189772720443995786e+04
-7.447858569932736827e+03
-3.311283406309359270e+04
3.986485585263419489e+04
4.950807943793752929e+04
-2.147599219591285873e+04
-1.065189405906455795e+04
-1.753076599403228101e+04
3.197440344887303581e+04
-1.753076599403228101e+04
4.161762703417637385e+04
-1.928353717557447089e+04
-2.028943168322896599e+04
1.400104362101233710e+04
-1.852710453788356517e+03
3.197440344887303581e+04
-9.767019552120047592e+03
-7.128916519342817992e+03
3.372717463041521842e+04
5.261015508731306909e+04
-1.589259329526691727e+04
-5.795250100255937286e+04
-1.765729282409437292e+04
-3.884492396045220630e+02
-1.634989144248731827e+04
-1.858674627430989403e+03
-6.249548841750405700e+03
-1.941006400563655916e+04
1.224827243947014904e+04
5.739853184169868473e+04
-6.249548841750405700e+03
-1.677792514650196244e+04
-2.738042305023400331e+03
-4.490813486565586572e+03
-1.858674627430989403e+03
2.802917724699245809e+04
-7.447858569932736827e+03
-3.136006288155140646e+04
-3.617409982615812623e+03
-3.311283406309359270e+04
-1.326045443613232055e+04
-9.793069498385807492e+02
6.528898424545985472e+04
2.195365015370603942e+03
3.591962965075361717e+04
-9.993927224617209504e+01
-1.753076599403228101e+04
5.345330563981810701e+04
-1.589259329526691727e+04
3.986485585263419489e+04
-1.413385794008209814e+04
5.170053445827592805e+04
-6.365049838598214410e+04
-3.506444198309677449e+04
6.353621306391766120e+04
-2.936644459967401417e+04
-9.793069498385807492e+02
4.775530825639533577e+04
4.866492888543249137e+04
-3.311283406309359270e+04
-2.028943168322896599e+04
4.762993817390331969e+04
-5.760929894680513826e+04
-1.406783386644885104e+04
-5.820457470882576672e+03
4.725535975964456156e+04
1.212290235697812204e+04
-2.335413345994707561e+04
-5.760929894680513826e+04
-2.022340760959572071e+04
5.652750199572483325e+03
-1.780722206512475623e+03
-9.013545289200692423e+02
-4.424789412932341293e+03
-1.933807575836067554e+04
4.938270935544551321e+04
-1.057439898243657626e+04
8.514166526221197273e+02
1.782089974040088418e+04
-1.940890725806649789e+04
-1.145376666002898673e+04
6.516361416296782409e+04
4.149225695168435050e+04
6.516361416296782409e+04
-6.155452514868571598e+04
8.514166526221197273e+02
-2.795102497028665312e+01
-9.765683672763156210e+03
-6.183524768117159510e+03
-5.936207012834732450e+04
2.069994932878576947e+03
3.579425956826158654e+04
-9.073187025626998548e+02
-1.546368105618592017e+04
2.098097353412073971e+03
-2.109681111354550012e+04
-1.230909851126403009e+04
-5.760929894680513826e+04
3.973948577014216426e+04
2.610152007806941583e+03
-1.494720154404126151e+04
-2.887426557184131161e+04
5.727316175920666137e+04
-2.160136227840488573e+04
-1.406783386644885104e+04
-1.670593689922607882e+04
3.184903336638100882e+04
5.552039057766447513e+04
5.332793555732609093e+04
-2.729935966182765333e+04
-6.183524768117159510e+03
-7.573228652424763823e+03
-1.765613607652431165e+04
-3.081950249602925396e+04
-1.836396091980448182e+04
-2.795102497028665312e+01
-2.660089884104886551e+03
3.172237513363911603e+02
-1.406186969280621634e+04
3.754703074980377278e+04
-1.582656922163367199e+04
-1.318250201521380586e+04
-2.729935966182765333e+04
-1.846467225441090341e+04
4.938270935544551321e+04
-1.145376666002898673e+04
-5.298192916882116151e+03
4.368471197202274197e+04
-1.582060504799103364e+04
-1.875231269002000772e+03
-7.573228652424763823e+03
-6.330729633022790949e+04
-1.494123737039862863e+04
-1.318250201521380586e+04
-5.820457470882576672e+03
4.543748315356492822e+04
-4.424789412932341293e+03
-1.145376666002898673e+04
1.387567353852030647e+04
5.946561677954505285e+04
-1.875231269002000772e+03
4.725535975964456156e+04
-4.418825239289704768e+03
-5.760929894680513826e+04
-1.934403993200331024e+04
-1.318846618885644057e+04
1.212290235697812204e+04
-2.949181468216604480e+04
-9.695031304844167607e+03
-2.729935966182765333e+04
-1.206146318485249503e+04
-1.669997272558344775e+04
5.120058596152513928e+04
3.172237513363911603e+02
6.121838796108724637e+04
-2.795102497028665312e+01
-1.057439898243657626e+04
-2.729935966182765333e+04
-3.257227367757144384e+04
-2.795102497028665312e+01
-5.936207012834732450e+04
4.719831538308863855e+03
1.353911941684284830e+04
-1.927159805695322939e+04
-1.518683686645451235e+04
9.238585276722028539e+02
1.178634823530066205e+04
-1.974546137974395606e+04
-1.663349502417599797e+04
-1.580023517786338016e+04
-2.103033341213805397e+04
-1.136325313226417347e+04
2.932002422436515553e+04
-1.580023517786338016e+04
5.026766730026151345e+04
-2.015096573454563986e+04
-8.348768275126190019e+02
-4.185969398624479072e+04
-1.933037034107016439e+01
2.967060356766678524e+03
-1.010223779444061620e+04
3.151247924470355065e+04
2.967060356766678524e+03
-3.158113998538568558e+04
4.807521227992312924e+04
-1.299438184611611905e+04
5.518383645598700969e+04
-1.927159805695322939e+04
-3.964556572221647457e+03
2.676629709214389550e+03
-1.714107657644101346e+04
3.151247924470355065e+04
-4.352347537882260440e+03
-6.111082893067078658e+03
-1.404746399632119392e+04
-4.358311711524893326e+03
1.748434561872342601e+04
6.307428885974816512e+04
-1.714107657644101346e+04
-1.400135616504140125e+04
-2.599576356340073744e+03
-1.714107657644101346e+04
-6.157011592560038480e+03
2.967060356766678524e+03
1.748434561872342601e+04
-2.193791640008235117e+04
1.462067209803896958e+03
2.676629709214389550e+03
-5.237679389117303799e+03
-1.839819455300345362e+04
-8.408410011552518881e+02
-1.050792128102913011e+04
7.746053364282920484e+02
3.940293164846470609e+04
4.334815785034527653e+04
2.967060356766678524e+03
2.676629709214389550e+03
-1.312198848744899442e+04
-8.348768275126190019e+02
-1.714244505105027656e+03
-2.940415241002001858e+04
5.202043848180370696e+04
-1.404746399632119392e+04
-9.781658451138952159e+02
-3.964556572221647457e+03
-1.400135616504140125e+04
-8.348768275126190019e+02
-4.185969398624479072e+04
3.151247924470355065e+04
5.299138143564861821e+04
-3.964556572221647457e+03
-2.763591378350511150e+04
-1.138728895862153877e+04
7.746053364282920484e+02
4.115570283000688505e+04
-1.488072384263381355e+04
-2.982836880384349934e+04
-1.751882687541103951e+04
-1.839223037936082255e+04
-1.124161066457393099e+04
-1.404746399632119392e+04
-2.940415241002001858e+04
-2.193791640008235117e+04
-3.478944033932481034e+03
1.353911941684284830e+04
9.238585276722028539e+02
-1.580023517786338016e+04
-2.940415241002001858e+04
-1.927756223059586409e+04
-1.839223037936082255e+04
-6.990450570659490950e+03
3.940293164846470609e+04
-1.714107657644101346e+04
6.482706004129035864e+04
-1.663945919781863631e+04
2.932002422436515553e+04
-2.193791640008235117e+04
4.904615523376804049e+04
-3.310216051575015445e+04
-8.408410011552518881e+02
-3.134938933420796820e+04
-1.981771346530823939e+04
-1.541491090370355232e+04
-3.244152682101524260e+04
-1.981174929166560469e+04
-7.530601805371863520e+03
-2.156660292097986166e+04
4.701517182933829463e+04
-1.375028062224994301e+03
-3.340228152662159846e+04
-3.068875563947305272e+04
-6.179471307899198291e+04
1.391043289594533235e+04
-6.651234127779453047e+03
-3.593243093119162950e+03
3.777431193171923951e+02
3.188379272380603652e+04
2.170430096119646805e+03
1.467336067385646857e+03
3.188379272380603652e+04
5.730792111663168907e+04
1.257110796909603323e+03
3.015846152094422905e+03
-2.945705532474101346e+04
-1.365617554851873501e+04
5.730792111663168907e+04
1.467336067385646857e+03
-6.179471307899198291e+04
2.104754290303601010e+03
3.777431193171923951e+02
-7.530601805371863520e+03
3.758179010722879320e+04
-1.102403668938413830e+04
-1.104807251574150359e+04
1.215766171440314793e+04
-2.874351871528511401e+04
-1.717364625888837327e+04
-1.805301393648078374e+04
6.519837352039283724e+04
-6.354748426053416915e+04
3.758179010722879320e+04
-3.120982650628320334e+04
-1.893834578771582892e+04
5.271316921276105859e+04
-1.104807251574150359e+04
-1.230165111515875469e+04
-4.013131095002222537e+03
-1.277680787092632272e+04
3.519831087614146554e+02
5.950037613697008055e+04
-1.717364625888837327e+04
5.271316921276105859e+04
-1.230165111515875469e+04
-4.013131095002222537e+03
2.793856652192545516e+04
5.730792111663168907e+04
-3.244152682101524260e+04
-7.536565979014496406e+03
3.582901892568660696e+04
2.136478474502011977e+03
-1.893834578771582892e+04
-5.771866450187043483e+03
-6.354748426053416915e+04
-4.898462946237266806e+03
2.793856652192545516e+04
2.104754290303601010e+03
-2.069111696925801516e+04
2.969133770346764504e+04
-1.981174929166560469e+04
-7.530601805371863520e+03
-1.981174929166560469e+04
6.519837352039283724e+04
4.876794301088048087e+04
-1.190340436697654877e+04
1.263074970552236209e+03
-1.629427858129596643e+04
-7.538469294999739759e+03
5.412562269266223666e+03
-1.449410613549714981e+04
-1.805897811012341845e+04
1.257110796909603323e+03
-1.380992235867624913e+03
-1.542892169876089611e+04
-3.593243093119162950e+03
2.104754290303601010e+03
-5.777830623829678188e+03
-1.840471911576977391e+03
3.363656390534822276e+04
-1.624687731703933605e+04
4.701517182933829463e+04
-2.260359913460035841e+03
5.271316921276105859e+04
-1.278277204456895561e+04
3.977424512756718468e+04
-2.726460030440262926e+04
-2.260359913460035841e+03
2.104754290303601010e+03
-3.244152682101524260e+04
-8.415933656606906879e+03
3.777431193171923951e+02
-2.254395739817405229e+03
-2.113707872173446958e+04
-1.674620450741505192e+04
-1.849897568895723816e+04
-1.937834336654964864e+04
-1.322276962340277896e+04
-1.849897568895723816e+04
-3.362526240285982203e+04
-1.761960801136482769e+04
4.681155343815156812e+04
-1.674620450741505192e+04
-5.805310526829813170e+04
-2.026367521778469381e+04
-1.075249832480329133e+04
-6.821863315926293581e+01
1.193468083816492071e+04
-1.690704214913105534e+04
5.208943878079499882e+03
-1.149403426821795620e+04
-5.338460525071087432e+03
-2.354235497876027512e+04
-6.225445951662550215e+01
3.955126425132896111e+04
-5.980587644984031795e+04
-6.217828202663496086e+03
-1.469772452668387814e+04
-3.143280738252142692e+04
-6.375110265172089566e+04
-6.008678989695780729e+03
-9.475863107516715900e+02
-4.890535053432597579e+02
-8.861895409083363120e+03
5.708494024039346550e+04
2.569884399617967574e+03
-1.410810147463782232e+04
-6.821863315926293581e+01
-1.469772452668387814e+04
-4.337843074047701521e+04
5.927739526073184970e+04
-3.579725169886266940e+03
6.497539264415460639e+04
-4.337843074047701521e+04
-9.475863107516715900e+02
-5.805310526829813170e+04
-6.199833147017870215e+04
3.341358302910999919e+04
3.341358302910999919e+04
8.111490444331479921e+02
-1.762557218500746239e+04
4.919448783663231006e+04
-2.741734680116787786e+04
-1.498150497858759809e+04
-3.816223969357390615e+03
-1.865981333067324158e+04
-5.980587644984031795e+04
-1.234936611945300319e+04
6.322262146261242742e+04
-1.061466659062554936e+04
-6.217828202663496086e+03
-2.968003620097924431e+04
6.322262146261242742e+04
3.560603804944838339e+04
-1.469772452668387814e+04
1.263717676198927620e+03
-1.322276962340277896e+04
5.927739526073184970e+04
-3.537803358440200827e+04
2.771558564568722795e+04
-1.586087265618000856e+04
-1.322276962340277896e+04
-1.937834336654964864e+04
-4.459092847478677868e+03
-4.459092847478677868e+03
5.075677964003214583e+04
-2.113707872173446958e+04
3.456172696537313641e+03
5.138694285697069427e+04
-1.938430754019228334e+04
-2.968003620097924431e+04
-5.805310526829813170e+04
8.111490444331479921e+02
5.250955082157433208e+04
5.208943878079499882e+03
3.735880923099056963e+04
-4.890535053432597579e+02
-1.075249832480329133e+04
5.075677964003214583e+04
3.955126425132896111e+04
-9.416221371090364300e+02
-1.586087265618000856e+04
-9.735298913033137069e+03
-7.982527731490952647e+03
-1.410810147463782232e+04
-3.579725169886266940e+03
-9.416221371090364300e+02
1.263717676198927620e+03
3.955126425132896111e+04
5.208943878079499882e+03
-3.111535490689801009e+04
-1.389913139345693708e+04
-6.223792376306131700e+03
-5.159433194824710881e+03
-1.129097111161421890e+04
-1.043563926037917372e+04
3.889269993438003439e+03
-9.562235756429396133e+03
-3.559780131436126976e+04
-2.283220517774462223e+03
-1.981689650683895889e+04
-1.304970646679903621e+04
-1.253915737981036000e+04
-1.648438358169093044e+04
-1.131500693797158237e+04
-6.203221934364357730e+04
-1.831994835871086616e+04
-1.129097111161421890e+04
-8.682868078836985660e+03
-4.035991699316648919e+03
4.853043674622887920e+04
4.853043674622887920e+04
5.175056004614633821e+03
9.901763746795222687e+02
-2.376212270871953660e+04
-1.920528020994590770e+04
-2.095805139148809394e+04
-1.919931603630327299e+04
6.475562491419535945e+04
-1.744058068111845205e+04
-1.304374229315640696e+04
-1.920528020994590770e+04
1.741291049162842319e+04
-3.075044772015724448e+04
-1.587167030495838480e+04
-2.770734891060011432e+04
-3.400697839639892663e+03
-6.228446719655041306e+03
5.291994630855362630e+04
-1.480247764834122427e+04
2.748911729864344125e+03
-1.217033878920662573e+04
-6.044765046059756969e+03
-3.165257511248069568e+04
1.167728707297487745e+02
-1.129097111161421890e+04
-5.229413788081353687e+02
1.229829802734050645e+03
4.108426770291189314e+04
1.869544052271935470e+03
-2.008464788753831817e+04
5.247566294810945692e+04
2.924858909727015271e+04
-1.480844182198385533e+04
-1.392310997074881197e+04
-6.044765046059756969e+03
-1.480844182198385533e+04
3.538627031948912918e+04
-1.017367292153561721e+04
4.502949390479247086e+04
-1.806412532529677264e+04
1.108086970871113408e+02
-1.411889912341619493e+04
-9.076549743607287724e+01
-7.797536227601942301e+03
-6.038800872417122264e+03
-1.473161240014874420e+04
1.229829802734050645e+03
3.319381529915073043e+04
-6.044765046059756969e+03
-1.641962484455075355e+03
-1.829490614393248325e+04
-7.803500401244577915e+03
-7.625948068626621534e+02
-7.797536227601942301e+03
-1.832591253235349723e+04
9.961405483221574286e+02
-1.587167030495838480e+04
5.247566294810945692e+04
1.869544052271935470e+03
-1.129097111161421890e+04
-3.250321890169943072e+04
1.566013931008623513e+04
-2.283220517774462223e+03
3.319381529915073043e+04
-1.392310997074881197e+04
-9.556271582786765066e+03
-1.129097111161421890e+04
-1.832591253235349723e+04
-5.983976432330519310e+04
2.924858909727015271e+04
-1.744058068111845205e+04
-1.981689650683895889e+04
-2.095805139148809394e+04
-6.203221934364357730e+04
-2.283220517774462223e+03
-1.304970646679903621e+04
-1.473161240014874420e+04
-1.131500693797158237e+04
-6.228446719655041306e+03
1.662005684106113677e+03
-6.044765046059756969e+03
4.722194892513085506e+04
3.732346462192187755e+04
3.557069344037969131e+04
-1.854277087273962752e+04
2.768024103661853587e+04
1.365210741063841124e+04
-3.629484527311288730e+03
5.165854274990209888e+03
4.521391702568303299e+04
-6.379419225481017929e+04
5.246646121848504117e+04
-1.326656480718516650e+04
-1.963247338594839312e+04
1.646721538243173200e+03
-7.140991064038296827e+03
-1.864784998483835352e+03
-4.502888031261065407e+03
5.071369003694285493e+04
-1.326656480718516650e+04
-1.963247338594839312e+04
-1.415189665842020986e+04
-2.182492840628678459e+04
-1.326656480718516650e+04
2.768024103661853587e+04
-8.020358741630705481e+03
4.852123501660446345e+04
-8.905690592865748840e+03
4.521391702568303299e+04
1.584456243097680272e+04
-1.326656480718516650e+04
5.924205065166315762e+04
-2.971538081004794003e+04
3.557069344037969131e+04
-9.785058270458157494e+03
-1.649358531131535710e+04
5.924205065166315762e+04
3.513444341402991085e+03
5.071369003694285493e+04
-1.787970220440620687e+04
-3.291966626624317723e+04
6.318727685354372807e+04
-7.796794780306661778e+03
-1.870749172126468238e+03
-3.623520353668654934e+03
-9.854173208914244242e+02
-2.746888697897086240e+04
-3.541337819347069308e+04
-3.541337819347069308e+04
-2.752292578970954855e+04
5.165854274990209888e+03
-3.541337819347069308e+04
-1.854873504638225859e+04
-5.382255708853475880e+03
-1.327252898082779939e+04
-3.146815199159012627e+04
-5.388219882496109676e+03
-1.079558792789258951e+04
-2.182492840628678459e+04
-9.989249800645051437e+03
4.740637204602142447e+04
-5.809619487138742261e+04
4.126869082380245527e+04
5.246646121848504117e+04
-1.327252898082779939e+04
-1.151379362564298208e+04
5.924205065166315762e+04
-1.502530016236998563e+04
1.584456243097680272e+04
-4.502888031261065407e+03
3.732346462192187755e+04
-1.568724718406781540e+04
3.413083093448024101e+03
2.526089215835581854e+03
-4.502888031261065407e+03
5.246646121848504117e+04
-2.752292578970954855e+04
3.557069344037969131e+04
-1.120138169416509299e+02
-1.503126433601261851e+04
1.646721538243173200e+03
-8.905690592865748840e+03
3.732346462192187755e+04
3.732346462192187755e+04
1.189933622909622500e+04
-1.695858232693404352e+04
-1.766340319514721705e+04
5.529682444978257990e+04
-1.474081412977316722e+04
-4.508852204903698293e+03
-2.030150622792444483e+04
-4.508852204903698293e+03
1.584456243097680272e+04
3.951591964226026903e+04
4.740637204602142447e+04
2.943301221816072211e+04
5.529682444978257990e+04
-5.321431084325575966e+02
4.346114584414084675e+04
-3.146815199159012627e+04
-1.393447600252562734e+04
-2.922165816051305228e+04
-5.366456209578874223e+03
-2.400179042329044478e+03
4.491253538023788860e+04
-4.314309662828441651e+04
-1.501546483673801959e+04
-2.077240219906529717e+02
4.673815698033810622e+04
-2.387908123327411886e+04
4.849092816188029246e+04
-9.025014402441229322e+01
-1.082589478261675140e+04
-1.082589478261675140e+04
-6.251788060813920310e+03
-4.152950223871231174e+03
3.921453799681511737e+04
5.243615436376087018e+04
4.491253538023788860e+04
-1.598862882951296342e+04
4.885776158211845905e+04
-1.765356786951524919e+04
-2.204444208383466321e+04
4.491253538023788860e+04
-8.889891093591149911e+03
-8.004559242356106552e+03
5.135547420266042536e+03
-1.325076530791056575e+04
-3.396198865737366577e+04
-5.366456209578874223e+03
2.913163057271557045e+04
1.335072576519326503e+04
3.921453799681511737e+04
-1.500950066309538488e+04
3.921453799681511737e+04
-9.763294597540923860e+03
-2.116507440624225637e+04
-1.764760369587261084e+04
-1.477112098449733639e+04
-3.607720854394053731e+03
3.382776238723856750e+03
-1.940633905105743543e+04
3.702208297647672589e+04
1.545047159551533014e+03
-1.237736180396078998e+04
-4.314309662828441651e+04
3.702208297647672589e+04
-1.941230322470007013e+04
-5.372420383221508018e+03
5.674821398587962176e+04
-6.382449910953435756e+04
-4.139032544674223755e+04
-2.212631005173192898e+04
-1.325076530791056575e+04
5.068338318221868394e+04
-1.848985499209234149e+03
5.105021660245685780e+04
-1.413609715914560911e+04
7.891175335679940872e+02
4.710499040057628008e+04
-2.734317350444277963e+03
-9.755819952594583810e+02
-3.176953363703527066e+04
-5.987927290765377984e+04
-2.728353176801645077e+03
-1.941230322470007013e+04
7.831533599253634748e+02
1.729595196707384457e+04
5.135547420266042536e+03
-1.941230322470007013e+04
3.132408559305396921e+04
4.849092816188029246e+04
-3.613685028036687982e+03
-3.571475983891585201e+04
-5.812650172611159360e+04
-2.028570672864984226e+04
4.315976419869570236e+04
-5.624499631567181268e+02
-1.325076530791056575e+04
-1.848985499209234149e+03
-2.212631005173192898e+04
-6.382449910953435756e+04
2.541888715110180783e+03
5.499544280433743552e+04
-1.818108384985135126e+04
-5.624499631567181268e+02
-1.500950066309538488e+04
-2.718201268897528280e+04
-1.237736180396078998e+04
-4.487088531986464659e+03
-1.237736180396078998e+04
-1.652389216603952445e+04
3.702208297647672589e+04
4.491253538023788860e+04
-5.372420383221508018e+03
3.382776238723856750e+03
-9.025014402441229322e+01
-1.325076530791056575e+04
5.243615436376087018e+04
-1.152202995272574299e+04
-6.207172792799216404e+04
-2.387908123327411886e+04
3.070123078059716590e+03
-1.536063397773826182e+04
-3.964818342679568559e+03
-1.184912744101125827e+04
-1.887810468810790189e+04
-1.214941184195692585e+03
-1.272849511860366874e+04
3.250932345118731973e+04
-7.476324879406573018e+03
6.012590686435137468e+04
3.031686843084892462e+04
4.434500205682904198e+04
-2.094107219359857845e+04
-3.085450665087156267e+03
-1.888406886175053660e+04
1.311387722874892461e+03
4.925793634290128830e+04
-1.480339097137961107e+04
-1.184912744101125827e+04
-2.269384337514076469e+04
-2.967712365737878827e+03
-1.320751136259700615e+03
-2.206082987494746703e+03
-3.964818342679568559e+03
-1.975747236570031237e+04
-1.360189862255344451e+04
-2.882477918468030475e+04
6.582390424777413136e+04
1.957329399406452239e+03
-2.206082987494746703e+03
-6.130471974697118276e+04
-9.235060234591393964e+03
4.149784419744839397e+03
1.453596362332661738e+04
3.820732083461008006e+04
9.775138361426990059e+02
5.793345184401296865e+04
-3.079486491444524745e+03
-5.735949354509059776e+04
-1.005888660159577194e+04
4.379842189251189666e+02
-6.130471974697118276e+04
-1.699584599171800073e+04
-1.480339097137961107e+04
1.278319244178443114e+04
-2.200118813852113817e+03
3.031686843084892462e+04
-1.887810468810790189e+04
-4.303309194244726677e+04
-9.235060234591393964e+03
-5.717589524221753891e+03
-2.206082987494746703e+03
-5.160167386076271214e+03
6.407113306623195240e+04
2.045582178642655435e+02
-8.361656730641616377e+03
4.829022825870962697e+04
-1.536659815138089834e+04
3.070123078059716590e+03
-4.303309194244726677e+04
-3.964818342679568559e+03
-3.452952198078250512e+04
4.320200452824860804e+02
-1.699584599171800073e+04
5.223545446059020469e+04
-1.656170335110129963e+04
5.004299944025180594e+04
-2.488629839547916345e+04
6.187867804589355364e+04
-1.799873701051549506e+04
-1.272849511860366874e+04
-1.874861717326018697e+04
-7.476324879406573018e+03
1.672841864366500886e+04
5.145039136323967250e+04
5.793345184401296865e+04
-4.844186020271977213e+03
-1.326715309902338049e+03
4.215254703649065777e+04
4.149784419744839397e+03
2.190755400467303389e+03
-1.305061978983742301e+04
-3.058429577890192013e+04
-4.303309194244726677e+04
5.223545446059020469e+04
3.820732083461008006e+04
-3.079486491444524745e+03
-6.305749092851336172e+04
-5.735949354509059776e+04
-4.473476323099271212e+02
5.223545446059020469e+04
-2.269384337514076469e+04
-2.883152459735973025e+04
6.582390424777413136e+04
-1.874861717326018697e+04
-2.663906957702134605e+04
-1.575688398501854135e+04
-1.975747236570031237e+04
1.453596362332661738e+04
-1.360786279619607558e+04
2.239614629841022179e+03
-1.705611572039556449e+03
-2.537696878332302003e+04
3.919008470133594528e+03
-3.458382753581742691e+03
-1.299117981024139044e+04
5.349755525428852707e+04
-7.100323239476529125e+02
1.693353536447602892e+02
-1.826738587579585146e+04
-1.826738587579585146e+04
-2.143174258144244232e+04
4.868434482988358241e+02
-1.126244445505657313e+04
1.486021496614079069e+03
-6.865606067094521677e+03
-7.403608955462319500e+03
-1.914675355338826193e+04
5.097908346044730570e+04
-4.233467207959925872e+03
-4.152960714113392896e+04
1.404529323548275352e+04
-2.468767679132470221e+03
-9.596063975800712797e+03
-5.106870711909700731e+03
3.678476516952472593e+03
-1.123840862869920238e+04
5.273185464198949194e+04
4.868434482988358241e+02
-1.474991516542621321e+04
5.349755525428852707e+04
1.042738857594533783e+03
-1.651461469425366522e+04
-6.352879883130572853e+04
4.385433166898518539e+04
3.596387926522402995e+04
-3.277207367063929996e+04
-2.474731852775105381e+03
6.358046267838807398e+04
-2.907406556490917137e+04
-1.299117981024139044e+04
6.138800765804968978e+04
-3.326742118708417547e+04
-2.003208540462330711e+04
1.404529323548275352e+04
-1.748651637956186460e+04
-3.502019236862636171e+04
-2.474731852775105381e+03
-1.354129017768128688e+04
-1.354129017768128688e+04
-1.681098973133015897e+04
1.048703031237171217e+03
-7.403608955462319500e+03
-1.126244445505657313e+04
-1.923928756110405084e+04
-6.352879883130572853e+04
4.878662844010891422e+04
-1.529406135922347312e+04
5.569001027462691127e+04
5.349755525428852707e+04
-2.002612123098067241e+04
-1.915271772703089664e+04
-7.100323239476529125e+02
2.807342686146288179e+04
3.377142424488563847e+04
-1.354129017768128688e+04
5.744278145616910479e+04
-2.003208540462330711e+04
-4.328237832267612248e+04
3.377142424488563847e+04
-1.387651166147643562e+04
2.239614629841022179e+03
-1.474991516542621321e+04
-4.152960714113392896e+04
-5.783080144788297912e+04
5.273185464198949194e+04
5.569001027462691127e+04
1.229252205394056546e+04
1.799051943736333124e+04
4.166187664864679391e+04
4.166187664864679391e+04
-2.474731852775105381e+03
-5.783080144788297912e+04
-3.107496616674578036e+04
-2.143174258144244232e+04
-2.712973996486520628e+04
-1.923928756110405084e+04
-3.326742118708417547e+04
-1.826738587579585146e+04
2.801474212779357913e+03
-3.458382753581742691e+03
2.801474212779357913e+03
-4.152960714113392896e+04
3.771665044676622347e+04
-1.447542070626872010e+04
5.097908346044730570e+04
-2.732129438336698513e+04
-2.003208540462330711e+04
-1.053019450438814602e+04
5.097908346044730570e+04
-2.524905113485266338e+04
-3.114836900129823698e+04
-1.215777538725584964e+04
-5.152833966516565852e+03
-2.094548798953731603e+04
5.976315412497786747e+04
-2.745036089556811203e+04
-2.745036089556811203e+04
-1.618934167057744162e+04
-6.348994861407227290e+04
-5.954472241219169518e+04
-7.790936999293798181e+03
-5.779195123064950894e+04
4.882547865734237712e+04
-5.522920125449774787e+03
-2.524905113485266338e+04
-7.559955785545184881e+02
2.367532278311379741e+03
-9.549672354478618217e+03
-1.391054656879803406e+04
-4.273466288924159016e+03
5.362547290275889100e+04
1.008703950272938528e+03
-2.524905113485266338e+04
-1.566928192398285319e+04
-1.130244353602080446e+04
-9.543708180835983512e+03
-6.173717743253007939e+04
1.882107454222714296e+03
-4.341144483487724938e+04
-4.273466288924159016e+03
-2.006612031194490555e+04
-7.275691306991961028e+03
3.389934189335600240e+04
-2.094548798953731603e+04
-6.173717743253007939e+04
-3.114836900129823698e+04
-6.173717743253007939e+04
-1.224411546869686390e+04
-1.303117889120562177e+04
-3.290114018284041958e+04
-3.114836900129823698e+04
-1.618934167057744162e+04
-1.655461377521789836e+04
-1.303714306484825829e+04
-5.146869792873932965e+03
-7.784972825651164385e+03
-2.524905113485266338e+04
5.187270172121669748e+04
-5.954472241219169518e+04
-6.173717743253007939e+04
1.417321088395311017e+04
-1.743398145281030884e+04
3.214657071181380888e+04
-1.911136991263369055e+04
-1.654864960157526366e+04
5.581792792309727520e+04
-9.468146327330352506e+03
-7.784972825651164385e+03
-1.566928192398285319e+04
-2.094548798953731603e+04
-1.618934167057744162e+04
-6.032201644108977234e+03
-2.305659611451427190e+04
-5.152833966516565852e+03
4.968024670087830600e+04
-1.567524609762549153e+04
1.242043970241092757e+04
-4.267502115281522492e+03
-1.694005624353128951e+04
1.242043970241092757e+04
-3.330465105111384219e+03
2.367532278311379741e+03
-2.920313207711029463e+04
-5.779195123064950894e+04
-3.094704851827542370e+04
-1.911136991263369055e+04
-1.042307585842839217e+04
-5.954472241219169518e+04
-1.391054656879803406e+04
-2.920313207711029463e+04
-5.146869792873932965e+03
-1.391054656879803406e+04
3.784456809523657284e+04
4.882547865734237712e+04
-7.275691306991961028e+03
-1.516614371075311465e+04
-4.273466288924159016e+03
5.362547290275889100e+04
3.717326734185934583e+03
-1.391651074244066695e+04
3.214657071181380888e+04
-1.042307585842839217e+04
1.233720990378947135e+02
5.277070485922296211e+04
-2.130382493297208566e+04
-1.341337252921093022e+04
-2.182485566712972286e+04
-1.391651074244066695e+04
-2.305659611451427190e+04
-1.092978363349946812e+04
1.351363852794272589e+03
-4.798245716709966473e+03
-3.125010558999460409e+04
-2.160688200469126605e+04
-1.620002552541129626e+04
-2.684227951971405855e+04
3.754151102351739246e+04
-1.444129017022647349e+04
-2.335965318623345229e+04
-1.620002552541129626e+04
-3.633522176830565513e+03
1.387015381223393160e+04
-1.095381945985683706e+04
2.965105861975624066e+04
-4.014073287479141072e+02
2.230731530386681243e+03
-2.160688200469126605e+04
3.359628482163681474e+04
-1.708535737664634144e+04
3.673726962156839363e+03
3.117040250500123193e+02
5.156964464949752437e+04
-2.160688200469126605e+04
-2.166106857575368849e+03
-2.160688200469126605e+04
3.184351364009463578e+04
-5.677613394302372399e+03
1.211738263069174536e+04
3.318444919527752063e+03
-1.444129017022647349e+04
-7.436348749487196073e+03
-5.683577567945010742e+03
-7.442312923129828960e+03
6.340532325513924297e+04
-2.730487938811403001e+04
-1.941442698435287457e+04
1.387015381223393160e+04
-5.683577567945010742e+03
-1.808474604921942228e+04
-5.677613394302372399e+03
-1.228771524072596549e+04
-1.092978363349946812e+04
5.156964464949752437e+04
-1.286739179982957921e+03
-1.095381945985683706e+04
2.064475206592198901e+03
-3.125010558999460409e+04
-1.007445178226442476e+04
-4.804209890352598450e+03
3.578873984197520622e+04
6.121286823480085150e+04
-3.229305880698637338e+04
-4.073715023905469934e+02
-3.633522176830565513e+03
-3.125010558999460409e+04
-3.054028762544418714e+04
5.551487085137810209e+04
2.230731530386681243e+03
-9.771203399049534710e+03
5.097433390565166337e+04
-1.880750995288379045e+03
2.965105861975624066e+04
-9.201048278314648996e+03
-2.166106857575368849e+03
1.781538001411450750e+04
-1.095381945985683706e+04
-6.353354838610137813e+04
6.340532325513924297e+04
1.211738263069174536e+04
3.318444919527752063e+03
-3.633522176830565513e+03
5.156964464949752437e+04
-3.519533179187518544e+04
-1.941442698435287457e+04
2.230731530386681243e+03
-2.714992397237398336e+02
1.351363852794272589e+03
-2.730487938811403001e+04
-1.623294144260653775e+04
-3.918878039117554181e+03
-1.707939320300370309e+04
-2.166106857575368849e+03
-1.268851898868428907e+04
5.097433390565166337e+04
4.367919224573636893e+04
3.184351364009463578e+04
4.543196342727854790e+04
3.117040250500123193e+02
2.789828743821405806e+04
-3.633522176830565513e+03
1.357328026436905475e+03
-4.073715023905469934e+02
-9.195084104672014291e+03
-1.280775006340325035e+03
-2.335965318623345229e+04
-2.335965318623345229e+04
-1.941442698435287457e+04
5.726764203292027378e+04
3.973396604385579121e+04
1.926614120395445298e+03
-1.738351061299494540e+04
1.926614120395445298e+03
-4.107588990273066884e+04
-5.981730804293611982e+03
5.325776273769781983e+04
-4.107588990273066884e+04
-1.772630889615256820e+04
-5.102363126701201509e+03
-1.386603990262530351e+04
-1.947908007769475444e+04
-1.426600356966465370e+04
-6.331938169470166758e+04
-4.228959622751426650e+03
-1.563073943145275734e+04
-3.231835643223602892e+04
-1.378108269427199411e+04
1.678787652106257156e+02
-1.826884246422998694e+04
-3.056558525069383904e+04
2.783363434487217091e+04
-4.228959622751426650e+03
1.599795573923043776e+04
-3.131475868333648032e+04
3.966931295051390771e+04
-3.349591945159014358e+03
3.887893653556533536e+03
4.724327439517079620e+04
4.931253653581724211e+04
-1.826884246422998694e+04
-1.378108269427199411e+04
-7.740466159478430200e+03
-1.772630889615256820e+04
-1.387200407626793276e+04
-5.937415549282108987e+04
-2.464260093923971908e+03
-1.772630889615256820e+04
-5.937415549282108987e+04
-4.282866108427285508e+04
-9.505165688305885851e+03
-9.499201514663251146e+03
-1.426600356966465370e+04
1.205272953734986186e+04
3.747685793017550895e+04
1.678787652106257156e+02
-4.222995449108789217e+03
-5.890630290510836858e+03
-1.947908007769475444e+04
-1.601877475120683994e+04
-2.464260093923971908e+03
-7.643401472053024008e+03
-1.158862767393360264e+04
-1.553385387581418036e+04
6.509344134333955299e+04
-1.125793686984807209e+04
1.599795573923043776e+04
5.939544395991679630e+04
4.931253653581724211e+04
4.755976535427506315e+04
-5.987694977936244868e+03
6.509344134333955299e+04
-1.562477525781012082e+04
-1.590856589974196140e+03
-1.426600356966465370e+04
6.334067016179737402e+04
-1.386603990262530351e+04
-2.002161364577217319e+04
-1.426600356966465370e+04
-2.002161364577217319e+04
4.536731033393666439e+04
-1.553385387581418036e+04
-1.211326872108311545e+04
-1.601877475120683994e+04
-2.002757781941480425e+04
1.053210616445669530e+03
1.678787652106257156e+02
2.470509317081315714e+02
-3.349591945159014358e+03
1.047246442803032096e+03
-2.002161364577217319e+04
-9.835856492391414577e+03
1.599795573923043776e+04
-1.125793686984807209e+04
-5.987694977936244868e+03
-7.055247387391523262e+02
-7.114889123817852123e+02
-7.643401472053024008e+03
2.783363434487217091e+04
-1.426600356966465370e+04
-2.686757714496371773e+04
-2.178034900095699413e+04
-2.862034832650590033e+04
5.545021775803621858e+04
-3.525998488521706895e+04
-2.956198750179429771e+04
-1.826884246422998694e+04
3.177886054675274863e+04
-1.590856589974196140e+03
-7.114889123817852123e+02
-1.826884246422998694e+04
2.196627322837344309e+03
-2.608530361849809651e+03
-6.122265041718105931e+04
1.224953474693689350e+04
-1.139182246434657281e+04
-1.928227486810772461e+04
-6.126001072219451999e+03
-3.231547181377047309e+04
4.556411554352369421e+04
-3.487898039442221489e+03
-2.017184808734064427e+04
-2.608530361849809651e+03
-1.929248040974823743e+04
-2.686469252649816553e+04
-2.147472988844611973e+04
-7.884736427404269307e+03
-2.104525159129042731e+04
-5.252597568269674412e+03
-2.861746370804034814e+04
-3.331040849408785289e+04
-2.541995609032669017e+04
-3.231547181377047309e+04
-5.252597568269674412e+03
-1.810715905600352562e+04
-1.752950368656554201e+04
-1.488967784814355400e+04
5.170179676574265613e+04
2.866275476543779632e+02
4.381134436198150797e+04
-3.331040849408785289e+04
-1.841311273215582696e+04
6.353747537138438929e+04
-2.192461926888283051e+04
-1.664841320332837131e+04
-1.576904552573596266e+04
-1.810715905600352562e+04
3.986611816010093025e+04
2.866275476543779632e+02
-1.929248040974823743e+04
9.029761748771943530e+02
1.619476094881746758e+04
4.381134436198150797e+04
-1.567481465522842336e+04
-4.107300528426512028e+04
-6.297542159872325283e+04
-5.246633394627040616e+03
-4.282577646580729925e+04
-2.104525159129042731e+04
2.360849728478569887e+01
-3.493862213084854375e+03
-3.231547181377047309e+04
5.739979414916542737e+04
2.978321073600138334e+04
-1.729162684257400997e+03
-5.693825080923808855e+03
9.029761748771943530e+02
-1.313690666660136776e+04
-1.392204347368623712e+04
6.353747537138438929e+04
5.984624931077146357e+03
-8.557591803076252290e+02
-7.890700601046906741e+03
-8.557591803076252290e+02
-1.576904552573596266e+04
-5.727742421530048887e+04
-5.246633394627040616e+03
4.556411554352369421e+04
-1.401627434419377460e+04
-1.840714855851318862e+04
-2.322750106998830597e+04
-8.770068278639313576e+03
-1.840714855851318862e+04
-1.401627434419377460e+04
-6.126001072219451999e+03
4.950934174540427193e+04
-2.686469252649816553e+04
-1.576904552573596266e+04
1.224953474693689350e+04
-4.282577646580729925e+04
4.934000567269139719e+04
-3.056270063222829049e+04
-1.752778088092078178e+04
6.134502035104599781e+04
-3.493862213084854375e+03
1.619476094881746758e+04
-2.147472988844611973e+04
-2.686469252649816553e+04
2.273871833811345368e+03
-3.501370060585418742e+03
4.556411554352369421e+04
-7.446596262465995096e+03
-2.608530361849809651e+03
-6.131965245862083975e+03
-2.016588391369801320e+04
-5.727742421530048887e+04
-5.903019539684267511e+04
4.231853749534959206e+03
-6.122265041718105931e+04
-5.727742421530048887e+04
-4.373229890677265757e+03
-1.905944317366102041e+04
-1.126582514396294755e+04
-1.212115699519799091e+04
-2.701487531144938112e+04
5.192462846018937125e+04
-1.592780690446436438e+03
-2.472148368038847366e+03
-1.592780690446436438e+03
1.422513762292578394e+04
-7.754318607235941272e+03
-1.739139888710981904e+04
-1.116899076989986679e+04
-1.825734184095474120e+04
-2.478112541681482526e+03
-1.299456049914776668e+04
-7.193771864966606699e+02
5.762262584361212066e+04
-2.694989557742217949e+04
-9.416219588357680550e+03
-2.701487531144938112e+04
4.403417605642821582e+04
-2.003546609352968153e+04
-2.519712439587998961e+04
-3.089512177930274993e+04
-6.303915468303872331e+04
-1.592780690446436438e+03
4.927627258837592672e+04
-1.592780690446436438e+03
-3.071288341717950971e+04
-1.915013424229463635e+04
-2.178823727507187141e+04
-1.387392817674017715e+04
6.376030706583110441e+04
5.146872760871431092e+04
-1.827673073834486422e+04
-1.387989235038281186e+04
5.192462846018937125e+04
-1.004055035612113352e+04
6.551307824737328338e+04
-2.701487531144938112e+04
-2.478112541681482526e+03
-5.909392848115815286e+04
-2.300466937554159813e+04
-1.739736306075245011e+04
-1.299456049914776668e+04
3.000604243044809118e+04
-2.519712439587998961e+04
1.045322342330794072e+03
-1.827673073834486422e+04
3.395126863232866162e+04
-1.336144579023825827e+04
-5.734115729961596662e+04
-2.478112541681482526e+03
-2.002950191988704682e+04
4.403417605642821582e+04
5.586985466206994897e+04
-1.825734184095474120e+04
3.395126863232866162e+04
-1.563862770556763280e+04
-5.116215574458710762e+03
6.666878357418648875e+02
-5.116215574458710762e+03
-1.387392817674017715e+04
-2.519712439587998961e+04
4.403417605642821582e+04
-1.563862770556763280e+04
3.789649483420923934e+04
5.920891846761665875e+03
5.192462846018937125e+04
-2.914235059776056369e+04
4.752350140683373320e+04
-5.110251400816076966e+03
-1.038645746637053708e+04
3.614372365266706038e+04
-5.470993386477103741e+03
-2.914235059776056369e+04
-1.592780690446436438e+03
-1.004055035612113352e+04
-1.905944317366102041e+04
1.975665644881087701e+03
2.798093523872980768e+03
-1.525767184596526249e+03
-3.484034798118333129e+04
-5.470993386477103741e+03
-1.336144579023825827e+04
-3.278538366138712263e+03
2.228944633389022556e+02
-4.297595925075852574e+04
-1.905944317366102041e+04
-3.308757679964114504e+04
-3.484034798118333129e+04
-5.909392848115815286e+04
5.322149879025650444e+04
-9.507089788778128423e+03
3.789649483420923934e+04
6.156785204549270566e+04
-2.478112541681482526e+03
6.376030706583110441e+04
-9.416219588357680550e+03
-1.511421697178044633e+04
-2.504384584285060191e+04
-1.372488631567138327e+03
-8.106665342874546695e+03
-8.986033020466958988e+03
5.934760507420262002e+03
-1.247350373083659724e+04
5.602313321509933303e+04
-7.221333491639503336e+03
-1.862907747398346692e+04
-2.109861964097002419e+04
-1.511160676361382866e+04
6.870114330495516697e+02
6.172113059852209699e+04
-3.709826954912498422e+03
-1.862311330034083221e+04
6.870114330495516697e+02
-5.908005982049955492e+04
-2.898907204473117599e+04
1.989534305539693833e+03
-5.732728863895736868e+04
-5.462598136454685118e+03
-1.073880420200914341e+04
6.870114330495516697e+02
6.566635680040267471e+04
-2.109861964097002419e+04
-2.504384584285060191e+04
-7.070486014989902287e+03
5.602313321509933303e+04
-5.468562310097317095e+03
-1.874909846896414092e+04
-8.106665342874546695e+03
7.974646236703119939e+02
-1.510564258997119214e+04
-8.106665342874546695e+03
-8.986033020466958988e+03
-1.422627491237878348e+04
2.840654980193529263e+04
-1.177945287700471818e+04
-1.774374562274842174e+04
-2.504384584285060191e+04
-7.070486014989902287e+03
-2.504384584285060191e+04
3.629700220569645171e+04
-2.824495103677452335e+03
4.594022579099979339e+04
-9.262941035328292855e+03
-7.070486014989902287e+03
4.988545199288037111e+04
2.840654980193529263e+04
2.367631239975082735e+02
-5.462598136454685118e+03
-1.397190789734311329e+04
-1.951091599727676567e+03
-1.862907747398346692e+04
-2.126121633311806363e+04
2.572737570313438937e+03
5.996835941697991075e+04
5.383067819476094155e+04
-1.247350373083659724e+04
2.840654980193529263e+04
-1.073880420200914341e+04
-1.247350373083659724e+04
-4.171494469722572831e+04
-1.065759748492632752e+03
-1.862311330034083221e+04
3.410454718535806023e+04
4.594022579099979339e+04
6.566635680040267471e+04
-1.599097444120623550e+04
-2.214058401071047410e+04
4.199499958911920839e+04
2.572737570313438937e+03
-5.468562310097317095e+03
-7.221333491639503336e+03
-2.679661702439279179e+04
6.566635680040267471e+04
4.594022579099979339e+04
5.207790701321875531e+04
-2.504384584285060191e+04
1.657087119629356312e+04
-3.120464004518890215e+04
-3.709826954912498422e+03
3.015932098347748251e+04
-1.496093841875105682e+04
3.235177600381586672e+04
6.929756066921845559e+02
-2.750663193945876992e+04
5.207790701321875531e+04
-3.293429824661175371e+04
-1.862311330034083221e+04
-5.732728863895736868e+04
-6.302528602238013264e+04
-1.247350373083659724e+04
-1.073880420200914341e+04
-6.347929987689727568e+03
-2.126121633311806363e+04
4.418745460945759987e+04
-1.862311330034083221e+04
4.594022579099979339e+04
5.323536745091508783e+04
-3.476805218990646244e+04
-6.205054706444439944e+04
-9.343923797080809891e+03
4.191401682736670773e+04
-1.435917511904903222e+04
-1.963538118460349506e+04
-2.745124975674793677e+04
-3.206242574861842058e+03
-3.206242574861842058e+03
5.245733522730863479e+04
-7.348269524667119185e+03
5.660395736645727993e+02
-1.875004933336844988e+04
-2.951431136705066365e+03
-2.072063459112657711e+03
3.403957102271604072e+03
-2.293237358426472929e+04
4.585924302924727090e+04
-2.138815236614567766e+04
-1.453471393319655817e+03
-3.192922775704710148e+02
1.211502081933215777e+03
-1.255748510061118941e+04
-4.716130665532520652e+03
-1.328914999896138579e+04
-5.810532086256382900e+04
2.396977334968589275e+03
-9.107004879851936494e+03
-3.830798814297477293e+03
-1.080471391906900317e+04
-2.078027632755290597e+03
2.832556704018277742e+04
-5.810532086256382900e+04
-1.435917511904903222e+04
3.198178432799168149e+03
1.429743341420265278e+04
-6.468901847074707803e+03
-3.836762987940110179e+03
3.007833822172496002e+04
-1.875004933336844988e+04
5.600754000219376394e+02
-2.920402093829012301e+04
-1.453471393319655817e+03
-7.354233698309750253e+03
5.156728283813789858e+03
-2.050878468855327083e+04
4.410647184770509193e+04
5.769492163488900405e+04
-2.117960240272254305e+04
-1.084170440867939396e+04
5.156728283813789858e+03
3.403957102271604072e+03
5.245733522730863479e+04
3.198178432799168149e+03
-4.165956251451488060e+04
-1.347384326781398886e+04
-2.745124975674793677e+04
3.007833822172496002e+04
-1.787068165577603941e+04
-3.082282598802588473e+04
-5.589534169482295511e+03
-1.963538118460349506e+04
-1.504192118050357385e+04
1.429743341420265278e+04
-1.474994012094958453e+04
-4.710166491889886856e+03
-9.343923797080809891e+03
-1.435917511904903222e+04
-2.687759978614531065e+04
-6.468901847074707803e+03
-3.830798814297477293e+03
6.558537403865015949e+04
-4.710166491889886856e+03
4.585924302924727090e+04
5.594215045334682509e+04
-2.907005480648369485e+04
-2.957395310347700615e+03
4.851210902542804251e+04
4.980446923112784134e+04
-7.151468776742420232e+03
4.851210902542804251e+04
-9.107004879851936494e+03
-1.504192118050357385e+04
-3.082282598802588473e+04
-7.354233698309750253e+03
-2.293237358426472929e+04
-1.198659955162879669e+03
4.851210902542804251e+04
-1.875601350701108095e+04
-1.474994012094958453e+04
4.016124564582451421e+04
-3.836762987940110179e+03
-1.963538118460349506e+04
-1.611194630059121664e+04
-9.343923797080809891e+03
-2.072063459112657711e+03
6.383260285710798053e+04
6.164014783676959632e+04
4.675933784388586355e+04
1.445407251256981453e+03
-4.165924874094458937e+04
-3.332713746776470543e+03
-1.648726473701998475e+04
-4.212081424368881017e+03
-6.061141025474615890e+04
3.508706902330472076e+04
5.086797383082703163e+04
-1.297575820029298302e+04
-4.206117250726247221e+03
1.536093801390183035e+04
3.161384839705889135e+03
-1.472852938183516926e+04
2.894938780108575156e+04
-1.560789705942757791e+04
-1.550325833158972273e+04
-1.155803212970914501e+04
-2.582421813958871098e+03
6.051119741613036604e+04
5.481320003270760935e+04
-6.886465403566080568e+02
-4.341201992248676834e+04
3.683984020484690700e+04
-2.582421813958871098e+03
-1.725602951313190715e+04
-2.176347080257444759e+04
-2.582421813958871098e+03
4.692274762894645391e+04
-1.296979402665034650e+04
5.086797383082703163e+04
-1.294587310249107759e+03
3.161384839705889135e+03
-3.326749573133837657e+03
4.775879081478790613e+04
1.907211372358028711e+02
-3.326749573133837657e+03
-7.729552134738522909e+03
-1.155803212970914501e+04
-1.124105867146552737e+04
-1.869340251268298744e+04
-2.001069962103225771e+04
1.847569635931699850e+02
4.473029260860806244e+04
-6.844220283503478640e+03
4.600601963324572716e+04
-1.736663241461239886e+04
1.943492318777989567e+03
4.403410073173652563e+03
1.141571181202125445e+04
5.170401701666848385e+04
-6.946107139992409429e+02
-1.573978391591651871e+03
-1.912536776979721617e+04
-1.036169099387311689e+04
-2.745093598317762735e+04
-7.723587961095885476e+03
4.403410073173652563e+03
-1.568014217949016711e+03
-3.019900522712291422e+04
4.297752142706587620e+04
-1.737259658825502993e+04
4.867551881048863288e+04
3.114184282142413940e+04
-1.550325833158972273e+04
-6.455663645662674389e+04
-1.124105867146552737e+04
-9.482323316280708241e+03
-4.206117250726247221e+03
-6.886465403566080568e+02
-4.206117250726247221e+03
-6.946107139992409429e+02
4.473029260860806244e+04
-7.723587961095885476e+03
3.508706902330472076e+04
-6.946107139992409429e+02
2.719661661954356532e+04
3.161384839705889135e+03
4.995124583512630488e+04
4.692274762894645391e+04
-1.441810041960060335e+04
-3.114894408890775594e+04
-1.124105867146552737e+04
-2.000473544738962664e+04
4.297752142706587620e+04
-7.723587961095885476e+03
-1.725602951313190715e+04
-2.800655020678451910e+04
-1.297575820029298302e+04
-7.723587961095885476e+03
-6.061141025474615890e+04
-5.885863907320397266e+04
1.943492318777989567e+03
-3.899667936204801322e+02
5.875842623458817980e+04
-1.385512587788539167e+04
-2.453346069184060525e+03
6.051119741613036604e+04
5.170401701666848385e+04
-1.825196426584744040e+04
3.903229522518529848e+04
5.481320003270760935e+04
-4.147750105613936466e+04
5.748158019748769584e+04
5.178358281406493188e+04
4.170067538996539224e+04
-1.903477919286122778e+04
-1.026513824329449562e+04
-1.114450592088690973e+04
-1.230999939378683848e+04
-7.627035210517266023e+03
-3.271996758564472839e+04
4.783835661218435416e+04
-1.639071198644136894e+04
3.381022298620422953e+04
-1.639667616008399636e+04
3.205745180466204692e+04
-2.726918829837240992e+04
-1.375260895366413752e+04
2.872738878144241426e+02
1.160677391764202184e+03
-1.920048881978546342e+04
3.205745180466204692e+04
5.748158019748769584e+04
5.256421896174241510e+02
-1.114450592088690973e+04
2.919412746949021766e+03
-1.920048881978546342e+04
-3.498139362730777066e+04
-2.533817004200442898e+04
5.748158019748769584e+04
-1.287324127607172704e+04
1.802931817868191865e+04
2.811222560278146557e+04
5.095204975259079220e+04
-1.375260895366413752e+04
-4.109564500147625040e+03
-1.199983777212195128e+04
-3.498139362730777066e+04
2.919412746949021766e+03
2.813097141717912564e+02
-1.114450592088690973e+04
-1.477425641013030599e+03
-1.814944734162618624e+04
-2.928339624388500670e+04
-2.314571502166604114e+04
-2.709094122354661522e+04
-1.639071198644136894e+04
-2.902195947991459980e+04
-1.471461467370395440e+03
1.408409197680134093e+04
3.994790420842319872e+04
1.458987788757573981e+03
-6.747667532924855550e+03
1.166641565406835070e+03
-4.323027223768155091e+04
-2.709094122354661522e+04
-1.814944734162618624e+04
4.389313041030377644e+04
2.278413371159610506e+03
-1.471461467370395440e+03
-1.230999939378683848e+04
-5.868299855332445077e+03
-5.612039032601544022e+03
-1.112047009452953898e+04
-4.323027223768155091e+04
-2.166691805199582450e+04
5.095204975259079220e+04
-9.385770565702085150e+03
-1.350249143636269946e+04
-1.744771763824327354e+04
-1.525526261790488388e+04
3.775544918808480725e+04
-1.639071198644136894e+04
-2.928339624388500670e+04
2.919412746949021766e+03
-1.450245441412522268e+04
-9.385770565702085150e+03
-2.709094122354661522e+04
1.166641565406835070e+03
-1.625522559566740892e+04
-3.271996758564472839e+04
-1.551134430884895664e+04
-1.920048881978546342e+04
1.802931817868191865e+04
3.651442809095964549e+03
-1.450245441412522268e+04
-1.991414687045364190e+04
-1.477425641013030599e+03
-1.815541151526882095e+04
-1.026513824329449562e+04
-1.463794080489918088e+04
-1.990818269681100719e+04
-1.639071198644136894e+04
-5.961060633728165703e+04
-1.114450592088690973e+04
-1.026513824329449562e+04
-1.112047009452953898e+04
2.278413371159610506e+03
-5.980579634206196715e+02
-1.920048881978546342e+04
-3.271996758564472839e+04
1.387692437046462146e+04
-2.428988928198800750e+03
-1.999230665368963309e+04
-1.370965904269941893e+04
-5.819206638938262586e+03
-2.174507783523181934e+04
3.579551040020590153e+04
4.543873398550924321e+04
4.860139144405352454e+03
-5.952423812211072800e+03
-2.434953101841431362e+03
1.387692437046462146e+04
-1.471013641449253737e+04
2.091141045784320340e+02
-1.679930044190020999e+04
5.216074608790018829e+04
-1.471013641449253737e+04
1.606937939080301476e+04
-2.729810882988334197e+04
-3.626751618599872018e+03
1.387692437046462146e+04
1.782215057234520282e+04
-3.518856123364449741e+04
5.157641520772820513e+04
-1.151720402236102746e+04
-2.160011144646057437e+04
2.091141045784320340e+02
-5.073056134618662327e+03
5.552164140960878285e+04
-3.313503460877679754e+04
4.938396018738982093e+04
-1.679930044190020999e+04
3.974073660208647925e+04
-2.434953101841431362e+03
-6.702535730139766201e+02
-2.434953101841431362e+03
-1.504652926035802193e+04
4.368596280396704969e+04
2.071245764822890123e+03
-1.647483594331999120e+04
-1.558950409208494966e+04
1.782215057234520282e+04
-3.626751618599872018e+03
3.185028419832532381e+04
-6.015468118351446901e+04
-4.189256807927144109e+04
-4.364533926081362733e+04
2.965782917798693234e+04
-1.734823944726976697e+04
-3.518856123364449741e+04
2.965782917798693234e+04
6.341209381336993829e+04
-1.295140105930771824e+04
-4.193688457026250035e+03
1.387692437046462146e+04
-8.590526844988304219e+03
-3.518856123364449741e+04
-6.015468118351446901e+04
-2.943702650304666895e+04
-8.590526844988304219e+03
2.091141045784320340e+02
-1.370965904269941893e+04
5.946686761148936057e+04
9.149129425247775771e+02
-1.383673291054276160e+04
5.157641520772820513e+04
-2.428988928198800750e+03
-1.734823944726976697e+04
-3.308356605791207130e+03
-1.734823944726976697e+04
-1.679930044190020999e+04
-1.295140105930771824e+04
2.790505799644474246e+04
-1.285407424001963227e+04
-6.015468118351446901e+04
-3.308356605791207130e+03
-2.428988928198800750e+03
-1.295736523295035113e+04
-1.735420362091240531e+04
1.606937939080301476e+04
3.360305537986751733e+04
4.368596280396704969e+04
-1.471013641449253737e+04
-5.073056134618662327e+03
2.031499309357968741e+02
-3.314320779433843200e+03
1.088481782170840688e+03
-5.946459638568436276e+03
-2.949056385022172981e+04
5.552164140960878285e+04
-3.313503460877679754e+04
-4.189256807927144109e+04
2.071245764822890123e+03
9.149129425247775771e+02
-1.873980437057686686e+03
-5.067091960976029441e+03
9.149129425247775771e+02
5.332918638927039865e+04
-1.555585424249020434e+03
-1.034329802653048682e+04
-1.845101718563909890e+04
1.789870378244170570e+04
-1.230140761613486393e+04
-1.845101718563909890e+04
-2.152355823636406421e+04
-9.687879630722334696e+03
-1.757833203448348650e+04
-7.495424610383943218e+03
4.551528719560574973e+04
-1.248708375415064802e+04
-3.116678182166740953e+04
-1.493354647526945882e+04
5.077496539222698630e+04
-3.537730840210764654e+03
1.789870378244170570e+04
-2.546878443824464921e+04
-5.290502021752949986e+03
-6.169869699345357731e+03
-1.073431257260846542e+04
2.798161120654125261e+04
1.738475225343700004e+03
3.192683740842183033e+04
-1.885969463601428652e+04
-2.652398988975717202e+03
5.735096580124747561e+04
-4.411134344160538603e+03
-1.773031311383308548e+03
-4.357831204581806378e+04
-3.335923684200579737e+04
-1.493951064891209353e+04
-7.934569228172812473e+03
4.157006099372517201e+04
5.559819461970530392e+04
-1.144607576489981875e+04
-2.021571671446655455e+04
-5.296466195395582872e+03
5.165296841782471165e+04
-8.936636337908976202e+02
1.614593260089952128e+04
-1.710692345447210027e+04
-4.357831204581806378e+04
-1.669228183045428159e+04
5.735096580124747561e+04
-5.290502021752949986e+03
-1.757164950804668842e+04
1.220070639901894538e+04
-6.169869699345357731e+03
-1.773031311383308548e+03
-1.493354647526945882e+04
6.524141820500863832e+04
-2.152355823636406421e+04
2.179824074898607705e+03
-6.198014571798386896e+04
-1.538587701414509684e+04
-1.933110321602567274e+04
4.157006099372517201e+04
4.770774221594413393e+04
-2.658363162618352362e+03
-1.933634903687414408e+04
8.591075477512890757e+02
-1.581291415286186930e+04
-1.363310583260291241e+04
-6.175833872987994255e+03
5.252773657376917981e+04
2.147798974919398461e+03
-2.021571671446655455e+04
-1.757761368168932313e+04
-1.406014297131968306e+04
-1.933634903687414408e+04
-3.306800739378124126e+04
5.954342082158588892e+04
-1.056670808730741192e+04
-1.405417879767704835e+04
-3.531766666568127221e+03
-1.757833203448348650e+04
2.973438238808343522e+04
-3.550198408503365954e+03
-1.669824600409691266e+04
-4.357831204581806378e+04
-2.152355823636406421e+04
2.973438238808343522e+04
4.157006099372517201e+04
-1.669824600409691266e+04
-3.531766666568127221e+03
5.252773657376917981e+04
-1.318077529372727258e+04
-4.411134344160538603e+03
-1.797427226961179940e+03
-1.467953877448903222e+04
-1.144607576489981875e+04
-5.803491951610328397e+04
2.147798974919398461e+03
4.770774221594413393e+04
4.946051339748632745e+04
-1.493951064891209353e+04
-1.885969463601428652e+04
8.650717213939219619e+02
-7.934569228172812473e+03
3.950277933772123333e+02
4.770774221594413393e+04
6.000039907559023413e+04
1.660291085490387559e+04
9.722071987527897363e+02
6.000039907559023413e+04
-2.098198474105746209e+04
-1.492889876014074252e+04
-1.834984588192286537e+04
-1.887412496202132024e+04
-2.501180618424028944e+04
5.210994667182907870e+04
5.641510417165401122e+03
1.845610702702563231e+03
4.991749165149067994e+04
1.835568203644605819e+04
9.283952116037653468e+01
3.632904186430676054e+04
-3.465502976954363112e+04
5.386271785337125766e+04
6.569839645901299082e+04
-5.648696625735851740e+01
-4.309963040444306898e+03
-1.426515798759798054e+04
-3.430595362851896425e+03
9.283952116037653468e+01
1.265768465302329787e+04
-1.834984588192286537e+04
-3.430595362851896425e+03
4.991749165149067994e+04
-1.133894028754095416e+04
-4.303998866801672193e+03
-1.207270296725958906e+04
3.413658684396837634e+04
-7.821469577171312267e+03
3.632904186430676054e+04
-2.010261706346505525e+04
-7.827433750813945153e+03
-6.331853611263498897e+04
4.816472046994850098e+04
2.859288265486268301e+03
-1.098367255826016662e+04
-1.834388170828023431e+04
-1.922324938587264478e+04
4.899689115877965378e+04
-6.942101899578901794e+03
4.421949426806790871e+04
-1.834388170828023431e+04
1.845610702702563231e+03
5.210994667182907870e+04
6.394562527747081185e+04
-1.571174284914563759e+04
3.632904186430676054e+04
-2.010858123710768632e+04
4.027426806618734554e+04
-1.671860007667075934e+03
-1.483237517155322894e+04
-1.922921355951527585e+04
9.722071987527897363e+02
-1.570577867550300289e+04
-1.671860007667075934e+03
4.816472046994850098e+04
1.845610702702563231e+03
1.441045583456548411e+04
4.421949426806790871e+04
-2.676457736578247568e+04
-1.659111052673804443e+04
-1.031993178571739918e+04
-5.189330718036715552e+03
-1.394704332031818558e+04
1.265768465302329787e+04
5.210994667182907870e+04
3.413658684396837634e+04
-3.093220154499011187e+03
6.569839645901299082e+04
-3.125069820199348760e+04
-2.551227685259486861e+03
-1.571174284914563759e+04
-1.834984588192286537e+04
6.175317025713242765e+04
5.605517287370964186e+04
-5.183366544394083576e+03
3.632904186430676054e+04
1.660291085490387559e+04
-3.093220154499011187e+03
-1.747047820433045854e+04
6.000039907559023413e+04
-1.659111052673804443e+04
8.687534751774592223e+01
4.597226544961010222e+04
1.835568203644605819e+04
5.780794405525183538e+04
9.722071987527897363e+02
-1.394704332031818558e+04
3.888739235623214881e+03
5.780794405525183538e+04
1.696284215284827496e+03
-2.098198474105746209e+04
-4.176100285403031012e+04
8.520060473815660771e+02
-1.922324938587264478e+04
-4.309963040444306898e+03
-2.694723010783231985e+03
1.582032768326987934e+03
-1.814409824107589520e+04
4.792767673405929236e+04
-1.125701390977724259e+03
-2.384209562449865916e+04
-4.195693231732027925e+04
-8.856260927572737273e+03
4.792767673405929236e+04
-1.849334120744661413e+04
-9.735628605165147746e+03
-6.438775053735535039e+04
-2.025207656263143508e+04
4.100429478713275603e+04
-1.322309931553478964e+04
-1.419887203919532112e+04
-1.723831490751650927e+04
-9.729664431522514860e+03
3.136107120182941799e+04
4.714197600935172522e+04
4.494952098901334102e+04
-3.144662766528346401e+04
-1.595164322073750554e+04
-2.950139074109552166e+04
-4.370970349886247277e+04
-5.338790217203099928e+03
-1.148839978670733399e+04
-1.138914621043775696e+04
-1.148839978670733399e+04
-3.567777423014039232e+04
-5.868975315393258643e+04
4.889474719089391147e+04
-2.025804073627406979e+04
2.916861618149103015e+04
-2.694723010783231985e+03
5.897765461499345838e+04
-6.258415164863663449e+01
5.503242841311288066e+04
4.572295992445038792e+03
-1.814409824107589520e+04
-1.849334120744661413e+04
-1.234373163794237917e+04
-1.707384132151982215e+02
-1.322309931553478964e+04
-9.729664431522514860e+03
5.187290293593987008e+04
-1.707384132151982215e+02
-3.567777423014039232e+04
-1.821319506833458490e+03
-1.586120234831201742e+04
5.503242841311288066e+04
-1.673460585226179319e+04
-6.308419635434165684e+03
-1.533437241231833468e+04
-2.778732182637923688e+04
-1.125701390977724259e+03
-1.025364583731474340e+04
-5.868975315393258643e+04
-2.997977684671763200e+04
6.270697905644595949e+02
-2.603455064483705428e+04
2.741584499994884391e+04
6.270697905644595949e+02
-2.384209562449865916e+04
-2.113144424022384555e+04
4.494952098901334102e+04
-8.061190816976351016e+03
-9.729664431522514860e+03
1.582032768326987934e+03
-1.814409824107589520e+04
-1.937270888503902461e+04
4.100429478713275603e+04
-4.115964615095776026e+03
-3.574090688375644277e+03
-1.025364583731474340e+04
-1.148839978670733399e+04
-1.234373163794237917e+04
1.163494019242653303e+04
-1.314191739197994320e+04
2.741584499994884391e+04
-4.195693231732027925e+04
-6.044252433547477267e+04
4.792767673405929236e+04
-4.459422539610687636e+03
-4.453458365968055659e+03
-1.025364583731474340e+04
-1.321713514189215493e+04
1.733293757584929699e+04
6.270697905644595949e+02
-7.970929076337693004e+03
1.163494019242653303e+04
-2.774861955955333178e+04
-1.138914621043775696e+04
-6.258415164863663449e+01
3.925152360559056979e+04
-2.025207656263143508e+04
4.617490555251709884e+04
-2.700687184425869418e+03
6.292288081687402882e+04
-1.814409824107589520e+04
-4.523598251219696976e+03
3.579864321782790648e+04
4.763432182346963964e+04
-1.861379714149353094e+04
2.511343169519584535e+03
4.544186680313124089e+04
1.212728600654443835e+04
-1.870847619435685147e+03
3.974386941970847693e+04
2.790819081406674377e+04
-7.155737110354292781e+03
1.388005718808662641e+04
-1.416067853109357384e+04
-6.282333606404517923e+03
-1.207956896150108150e+02
-6.345394006406328117e+04
5.105394222768976033e+04
-4.157964336975512560e+04
-4.517634077577062271e+03
-2.948743103259972850e+04
-2.207498762942526446e+04
6.341522663099195051e+04
1.212728600654443835e+04
-6.276369432761883218e+03
-1.686102595995134470e+04
-5.816073821316263093e+03
-1.267598632576459750e+02
-5.397001755169474563e+03
3.753335284194926317e+03
7.585719879773978391e+02
-3.644230573627287413e+03
-2.032221644788307822e+04
-1.615333312056844807e+04
-3.124020221414191474e+04
-4.517634077577062271e+03
1.560880263856535748e+03
-2.758898722392243599e+03
4.710871602580918989e+04
-6.276369432761883218e+03
4.149664060125066317e+04
-1.767814924146321209e+04
-5.397001755169474563e+03
-4.157964336975512560e+04
-1.765175242695799534e+04
-2.334974981038075930e+04
1.388005718808662641e+04
-1.680474573751343632e+04
3.185341701594732513e+04
-1.918909176856510612e+02
-1.686102595995134470e+04
3.360618819748950773e+04
-2.737133061198816722e+04
-1.267598632576459750e+02
3.360618819748950773e+04
-3.282210989926048205e+04
-1.615333312056844807e+04
-4.157964336975512560e+04
-1.220810691868787217e+04
3.360618819748950773e+04
1.631975491927173607e+03
-1.944284877029066411e+04
-1.067320782072393195e+04
-3.644230573627287413e+03
-1.000163367207421743e+03
-1.680474573751343632e+04
-6.345394006406328117e+04
4.368909562158906192e+04
-6.170116888252108765e+04
-6.345394006406328117e+04
-1.855751691905562257e+04
-5.950871386218270345e+04
-3.623618800977870706e+03
-1.679878156387080526e+04
5.947000042911137280e+04
-1.679878156387080526e+04
-2.948743103259972850e+04
-1.067320782072393195e+04
-1.045533573714568411e+04
-1.440056193902626183e+04
-1.440056193902626183e+04
4.938709300501181860e+04
-1.504601038232861902e+04
-1.861379714149353094e+04
-3.623618800977870706e+03
2.790819081406674377e+04
5.506106465737111648e+03
1.607251220842501607e+04
-1.918909176856510612e+02
4.710871602580918989e+04
-5.402965928812105631e+03
2.790819081406674377e+04
-8.035104787946703254e+03
3.755141439937008545e+04
3.753335284194926317e+03
-5.402965928812105631e+03
-1.152853967195897712e+04
-4.333241455129730457e+04
1.607251220842501607e+04
3.360618819748950773e+04
-2.207498762942526446e+04
-3.354712323265006489e+03
-4.129787011341344623e+04
-1.123902142159669893e+04
1.814485373845580398e+04
3.217298736443592497e+04
-1.584150776610045432e+04
6.865729793053026242e+02
-2.916786068411112501e+04
-1.733218207846939549e+04
4.006343976819708041e+04
6.411777493913070884e+02
4.006343976819708041e+04
5.759711575726157753e+04
1.419962753657522626e+04
2.800861419881862275e+03
-6.866218859992012767e+03
-1.475649213196633536e+04
4.065160638662927340e+03
-1.833202388515185157e+04
2.800861419881862275e+03
4.181621094973926665e+04
-1.738863099110093026e+04
5.759711575726157753e+04
-5.919688850771469879e+04
-1.827396284233597544e+04
1.687225607472691991e+02
1.048090238339675579e+03
6.154234195914214797e+04
6.411777493913070884e+02
-3.254033664291880996e+04
-2.697540566377273353e+04
5.584434457571938401e+04
5.311853876369993668e+04
-8.630918388819467509e+03
-1.551277270947084617e+03
1.244685635503304002e+04
-7.249274654369847667e+03
-8.630918388819467509e+03
-2.127740828034996957e+04
-1.299179260313888335e+04
4.400866597007766541e+04
4.917331256181936624e+04
-1.738863099110093026e+04
2.800861419881862275e+03
-8.630918388819467509e+03
4.181621094973926665e+04
-2.708955735564648785e+04
-5.992815356042237909e+03
-5.496503472827661426e+03
-1.833202388515185157e+04
-1.038368957036165375e+04
-1.657925270360966533e+04
-1.584150776610045432e+04
-1.189628156421987114e+04
1.199344367823562152e+02
4.400866597007766541e+04
4.742054138027718000e+04
-2.003269819752080002e+04
4.065160638662927340e+03
-7.745586537584424150e+03
-1.657925270360966533e+04
-7.106451168451417288e+02
6.865729793053026242e+02
-1.738863099110093026e+04
-2.303017946189215218e+04
-6.314211470959529106e+04
-1.513972705813100038e+04
-6.866218859992012767e+03
5.136576758215775044e+04
1.048090238339675579e+03
-2.708955735564648785e+04
-1.475649213196633536e+04
-2.127740828034996957e+04
-1.833202388515185157e+04
-1.915333051992838591e+04
5.189911837383880629e+04
4.742054138027718000e+04
-4.129787011341344623e+04
4.065160638662927340e+03
-2.178546937906298263e+04
-5.113447678449827436e+03
3.392575854597811121e+04
-1.733218207846939549e+04
-2.697540566377273353e+04
6.865729793053026242e+02
-5.919688850771469879e+04
-7.249274654369847667e+03
-3.304048452489270858e+03
-1.551277270947084617e+03
6.548756816102272569e+04
-1.014351038267768672e+04
-2.708955735564648785e+04
4.400866597007766541e+04
-1.651522748715115813e+04
2.998053234409753350e+04
2.822776116255534725e+04
-1.014351038267768672e+04
5.759711575726157753e+04
-1.826799866869334437e+04
-5.744411732617251982e+04
-1.489444168214053934e+04
-1.052163912053585591e+04
3.077301057306840448e+01
2.798397516416078361e+04
-8.485946670193447972e+02
4.771010617356367584e+04
3.728434712021170526e+03
-3.277122612134020892e+04
-2.167914898594068518e+02
1.614829655851905409e+04
-1.841191239251017760e+04
5.735332975886701024e+04
2.798397516416078361e+04
1.783544192115252827e+03
2.576146964177974041e+03
3.728434712021170526e+03
2.576146964177974041e+03
4.771010617356367584e+04
-1.538351305652556402e+04
-3.510964406592844898e+04
-1.617823369274220750e+04
-9.648235616586078322e+03
-3.510964406592844898e+04
-2.907321801561007305e+04
-1.576784518609031693e+04
-1.223300749086163705e+04
-1.665317703732536029e+04
1.395584153818066261e+04
4.883658663517762034e+04
3.077301057306840448e+01
-2.607330022204164379e+03
-1.665317703732536029e+04
4.376487997168309812e+04
-6.347884063623703696e+04
-1.733926518254388611e+03
1.220307035663847637e+04
-1.795063269341646674e+03
4.883658663517762034e+04
-1.577380935973294800e+04
-3.277122612134020892e+04
2.480883693043097082e+01
-1.929128007010258807e+04
5.481205893563355858e+03
-4.372029551031618212e+03
-6.347884063623703696e+04
-1.576784518609031693e+04
4.708381545363543410e+04
1.535979691682779958e+03
-1.538351305652556402e+04
-2.907321801561007305e+04
-2.152119427874453322e+04
-1.727962344611755725e+03
-3.492661873439208193e+03
-2.613294195846799539e+03
2.576146964177974041e+03
-2.017064774769500218e+04
3.728434712021170526e+03
-1.052163912053585591e+04
9.101406881654747849e+02
-1.488847750849790464e+04
-8.768867938993669668e+03
-1.752658054127513606e+04
-2.192341892923718842e+04
5.165533237544425356e+04
3.587442756792194268e+04
-1.664721286368272558e+04
-1.841191239251017760e+04
-6.124800732573803543e+03
1.783544192115252827e+03
-4.372029551031618212e+03
-1.538351305652556402e+04
-6.172606945469484344e+04
5.165533237544425356e+04
5.954578477920540900e+04
-1.137697097177089927e+04
-1.363074187498337960e+04
-1.757596807686395550e+04
6.349101098108598671e+04
-1.617823369274220750e+04
-1.856291336357324690e+04
3.368197254758355120e+04
4.551765115322527708e+04
-9.685515673102800065e+03
-3.547834450883832687e+03
-9.648235616586078322e+03
3.077301057306840448e+01
2.480883693043097082e+01
-2.941164668250568866e+04
-2.732044683406788681e+04
-1.617823369274220750e+04
-1.488847750849790464e+04
-6.124800732573803543e+03
-2.546642048062511094e+04
-1.752658054127513606e+04
-1.052163912053585591e+04
1.614829655851905409e+04
-1.577380935973294800e+04
-3.510964406592844898e+04
3.587442756792194268e+04
-3.277122612134020892e+04
-1.351707682536474931e+04
3.774086379908275558e+04
-1.895040965980270994e+04
-1.279483591665584026e+04
3.597150735876789440e+02
4.782377122318230249e+04
2.263827982157559745e+03
-3.151791463139327334e+03
-1.681398219723016837e+03
5.965944982882403565e+04
-1.895637383344534464e+04
2.118450428772496252e+03
2.997818106364907180e+03
-1.399020281597140638e+03
4.563131620284391101e+04
-3.071840117623346305e+04
-1.132462180502635601e+04
-1.826285960000869818e+04
-1.609942111621627191e+04
-1.399020281597140638e+03
-4.031159140731739171e+03
5.176899742506288021e+04
3.774086379908275558e+04
-1.982977733739512041e+04
1.239082751180089872e+03
1.406950658779928926e+04
-4.122870582827029284e+04
-4.916490991966783440e+03
-1.018673288387861066e+04
-9.571850623484173411e+03
-4.122870582827029284e+04
-1.393056107954510026e+03
5.571422362694346521e+04
-1.192143241270606450e+04
3.597150735876789440e+02
-1.018673288387861066e+04
-1.921507420878751509e+04
5.746699480848564417e+04
2.118450428772496252e+03
-1.719763847826052734e+04
-1.719763847826052734e+04
-1.651008841846651558e+04
3.807247288547102926e+03
-1.455953544548329592e+04
-2.278387959189553840e+03
-5.789894495916560118e+03
4.563131620284391101e+04
-5.789894495916560118e+03
-1.982977733739512041e+04
-1.807104198221029947e+04
4.387854502130172477e+04
2.985041139532160378e+04
-1.192143241270606450e+04
-1.526984800690693737e+04
3.993331881942114705e+04
-1.367420359424825074e+04
4.716262803016135877e+04
4.563131620284391101e+04
4.563131620284391101e+04
-1.895040965980270994e+04
-1.543293894943306805e+04
-1.895637383344534464e+04
1.406950658779928926e+04
5.560018470089289622e+03
-1.826285960000869818e+04
-9.313329379928834896e+03
1.231673540625710484e+04
3.774086379908275558e+04
-2.140752922912590293e+04
-1.280080009029847133e+04
-3.324320783476763609e+04
-4.122870582827029284e+04
-1.631230662702548216e+04
-3.434169401265202850e+03
-7.379395603145780115e+03
-1.631827080066811322e+04
-3.434169401265202850e+03
-5.789894495916560118e+03
-1.681398219723016837e+03
-4.031159140731739171e+03
5.110785423204193648e+04
-1.983574151103775512e+04
3.597150735876789440e+02
-1.279483591665584026e+04
-8.433961702336424423e+03
-2.710552661254867053e+04
-6.669262173508968772e+03
-4.916490991966783440e+03
-1.367420359424825074e+04
5.110785423204193648e+04
-3.157755636781964768e+03
4.782377122318230249e+04
-1.379789133334713824e+02
1.245046924822722758e+03
-7.548629851101381064e+03
-1.280080009029847133e+04
1.239082751180089872e+03
-5.196526040047342576e+02
-9.313329379928834896e+03
-4.037123314374373422e+03
-1.643924575807140718e+04
-2.170948764998323531e+04
-2.962740945513866245e+04
5.713756698623404372e+04
-8.554936659739718380e+03
-3.357263565701923653e+04
1.118107793776791823e+03
-5.031501775727443601e+03
-2.348972823291969326e+04
1.934400159905958844e+03
-1.840706953947379952e+04
5.250796260927071853e+04
-1.995075229479841801e+04
-1.907138461720600390e+04
2.952098357306999969e+04
-1.204240737010935845e+04
-8.554936659739718380e+03
3.346620977495057741e+04
-1.468051040288658987e+04
-9.901278445735773857e+03
1.934400159905958844e+03
5.143956960281127976e+04
-1.165404962727796010e+04
-5.910869453319855893e+03
4.680996522584795457e+04
-1.907138461720600390e+04
-2.010826041974617510e+03
-2.173695705137750701e+04
-4.137291576773538691e+04
1.198730758400550440e+04
-7.708823425397381470e+03
-3.138018063668084869e+04
-1.643328158442877611e+04
-3.138018063668084869e+04
-1.514031065357803527e+03
1.816289783637724042e+02
-1.731861343566382129e+04
-6.199991968248231569e+04
5.933002200657243520e+04
-7.708823425397381470e+03
-4.906417176468761454e+02
-5.980746466214391694e+04
-1.643924575807140718e+04
-1.995671646844104907e+04
3.741143597683115513e+04
-1.380114272529417758e+04
-1.467454622924395335e+04
-1.555391390683636564e+04
-4.152134098135033128e+03
-1.380114272529417758e+04
3.741143597683115513e+04
2.776821239152781345e+04
-1.467454622924395335e+04
-1.907734879084863496e+04
-9.434304337332128853e+03
-2.010826041974617510e+03
-1.643328158442877611e+04
-1.467454622924395335e+04
-6.406275614080277592e+02
1.374007876554769246e+04
-6.790237130912262728e+03
-3.763597223516803751e+03
-1.819798111325623177e+04
-4.158098271777669652e+03
1.118107793776791823e+03
-2.568218325325808109e+04
-1.469931273898748623e+04
-1.292177504770176711e+04
6.502801938999518461e+04
-8.554936659739718380e+03
1.374007876554769246e+04
5.253787186278127592e+03
1.934400159905958844e+03
1.997475471369200477e+03
-1.468051040288658987e+04
4.856273640739014081e+04
1.124071967419426983e+03
-9.901278445735773857e+03
-1.514031065357803527e+03
-1.030770784128190280e+04
-9.901278445735773857e+03
6.502801938999518461e+04
4.530188838059231057e+04
-1.384650464761634976e+04
-2.083011997239082120e+04
5.933002200657243520e+04
-2.716460300996843216e+04
1.593253378588608211e+04
-8.554936659739718380e+03
-5.805469348060174525e+04
-5.805469348060174525e+04
-1.292177504770176711e+04
1.768530496742827017e+04
-1.514031065357803527e+03
-2.170948764998323531e+04
-3.138018063668084869e+04
-1.467454622924395335e+04
-1.030770784128190280e+04
-1.995671646844104907e+04
-1.292177504770176711e+04
-1.735968890572187229e+04
-1.653541096199344247e+04
-1.578784098199560276e+03
1.957501204370752248e+03
-3.423172994947471125e+03
-3.423172994947471125e+03
-2.305768628914462897e+04
4.149956224709148046e+03
9.736653930145780578e+02
2.732400748199399914e+03
-1.911246008726405853e+04
9.429771542216940361e+01
4.398115914282518497e+04
-3.489336489478636213e+04
-2.097456237315303952e+04
-1.122200768350290309e+04
-1.658473466120017292e+03
2.820025433530287410e+04
-1.306025327482134890e+04
-2.537841143712428220e+03
-3.074372371976039722e+04
9.736653930145780578e+02
5.145056316820398206e+04
1.002618890648045635e+02
-2.185393005074544635e+04
-3.417208821304839148e+03
-1.657772398519098715e+04
-1.306025327482134890e+04
3.389825171872563078e+04
-6.305731912354905944e+04
-1.218684977087157313e+04
-2.879848679557244395e+04
-1.306621744846398360e+04
-1.570432048124121320e+04
-1.664437639762652452e+03
-1.130748209327916265e+04
9.429771542216940361e+01
6.151483513188968936e+04
-1.394558512605639226e+04
5.187161154658634041e+04
-1.658473466120017292e+03
-1.481898863000616984e+04
-2.525014130948302409e+04
-3.249649490130257982e+04
1.417212070932274946e+04
1.417212070932274946e+04
-1.130748209327916265e+04
-2.305768628914462897e+04
5.362438272812851210e+04
-2.543805317355063380e+03
9.736653930145780578e+02
-5.524010300080136403e+03
-1.181148597817365589e+04
5.362438272812851210e+04
-2.097456237315303952e+04
-3.094813869290578441e+04
-5.524010300080136403e+03
-6.055311854082068749e+03
-2.537841143712428220e+03
4.398115914282518497e+04
-1.664437639762652452e+03
4.750533696632340434e+04
-2.919536751136360181e+04
-1.664437639762652452e+03
-9.578746738094341708e+03
-1.481898863000616984e+04
6.546006133377026708e+04
3.214548053718344818e+04
6.151483513188968936e+04
3.784347792060621578e+04
2.716173238030201446e+03
-3.249649490130257982e+04
9.429771542216940361e+01
-2.879848679557244395e+04
-6.305731912354905944e+04
-1.657772398519098715e+04
2.995302551684506034e+04
-1.133151791963652795e+04
-2.537841143712428220e+03
-1.578784098199560276e+03
1.811734691120332718e+04
2.716173238030201446e+03
5.756960893000911165e+04
-2.919536751136360181e+04
4.967915652624794166e+04
-1.735968890572187229e+04
-5.181908350132293890e+03
5.362438272812851210e+04
-1.482495280364880091e+04
-4.300679955333940597e+04
-7.791057885276086381e+02
-6.934679531674479222e+03
-2.543805317355063380e+03
-1.828818214353562871e+04
2.820025433530287410e+04
4.925810814786558331e+04
6.151483513188968936e+04
-7.791057885276086381e+02
4.149956224709148046e+03
-1.834242351401844280e+04
-4.349372924874482123e+04
-2.344740650621665554e+04
-4.605371331828874645e+03
-2.739263270809724054e+04
5.148189132951432111e+04
-1.865121834695007419e+04
6.507034111669824051e+04
4.693748188677759026e+04
2.956330529977303377e+04
-1.777185066935766008e+04
-5.913730517152162065e+03
3.582101145163330784e+03
-9.008173893433560806e+03
-1.062656987617728009e+04
-1.774940912279389522e+04
-1.380418292091331750e+04
3.570098652199200296e+04
-1.600715114053020443e+04
-1.457179607805786509e+04
-7.243474364606104245e+03
-6.187240302155268728e+04
-1.161627692621079041e+04
-6.362517420309487352e+04
-2.563986152655505066e+04
-1.513374763658043048e+04
3.350853150165360421e+04
-4.349372924874482123e+04
-1.249564460380320088e+04
-3.298342459670799872e+04
5.717988871293707052e+04
-8.122842042198516538e+03
5.088270808865816798e+04
-1.600715114053020443e+04
3.570098652199200296e+04
4.139898390541477420e+04
-5.484739009421286028e+03
-1.776588649571502901e+04
-9.858956719032741603e+03
-2.040995370213488786e+04
5.263547927020036150e+04
-1.237934105771946633e+04
-3.721275496813771497e+03
-4.611335505471511169e+03
-2.753264530943568025e+04
-1.249564460380320088e+04
-6.370070860656329387e+03
3.350853150165360421e+04
-1.513374763658043048e+04
-1.337501228139561135e+04
-4.605371331828874645e+03
-1.967268299051645499e+03
-1.380418292091331750e+04
5.542711753139489883e+04
5.263547927020036150e+04
-1.864525417330743585e+04
1.544238237675360779e+03
3.964621272387258068e+04
-1.632456725960004769e+04
5.263547927020036150e+04
-4.174095806720262772e+04
-1.380418292091331750e+04
1.597485551258911255e+04
-1.774940912279389522e+04
-1.601311531417284277e+04
-6.362517420309487352e+04
-1.380418292091331750e+04
5.542711753139489883e+04
-3.528308511185838870e+04
-1.076094507497574523e+04
-2.128335720608466363e+04
-1.062656987617728009e+04
3.582101145163330784e+03
-1.864525417330743585e+04
-9.881577397383336574e+03
-1.062656987617728009e+04
-1.600715114053020443e+04
-1.249564460380320088e+04
-1.512778346293779759e+04
1.544238237675360779e+03
-2.753264530943568025e+04
-6.362517420309487352e+04
-3.353031393031620246e+04
1.202962931070853665e+04
-3.726003654236467355e+03
3.570098652199200296e+04
-6.370070860656329387e+03
-3.731967827879100241e+03
-3.528308511185838870e+04
6.331756993515605427e+04
-1.336904810775297665e+04
-1.425437995898802001e+04
4.534421010729535192e+04
3.154101208258393854e+03
3.350853150165360421e+04
-8.128806215841150333e+03
4.928943630917592964e+04
3.582101145163330784e+03
6.648705600829521245e+02
-1.062656987617728009e+04
-1.967268299051645499e+03
5.532376897643624397e+04
-4.139998652513571869e+04
4.743331657267509581e+04
-1.044320851497063268e+04
-1.745411410935255117e+04
-6.052334300651217745e+03
1.367905193729208258e+04
1.092036161382861792e+02
-3.088968187309889618e+04
3.340518294669497118e+04
1.032394424956487455e+02
1.762427813917266030e+04
-2.528899416638942057e+03
5.254758753808673646e+03
1.762427813917266030e+04
5.926899517831682169e+04
-2.009221714212977895e+04
-4.432386296140873583e+02
5.707654015797843749e+04
-4.287634771823764822e+03
-7.769850253652990432e+03
5.313131395609785977e+04
5.080259451576130959e+04
9.885712937306948334e+02
4.348809037079451809e+04
-3.538643366681703628e+04
1.032394424956487455e+02
-1.960552885929472177e+04
1.192628075574989452e+04
-1.785275767775253553e+04
-2.968843628339426505e+04
-1.568941458052509552e+04
-3.824624051772412258e+03
4.743331657267509581e+04
-2.179798387963310961e+04
-1.960552885929472177e+04
1.748887454934490052e+03
-2.071852870230226927e+03
-5.976006157411113963e+04
-1.481004690293268322e+04
1.092036161382861792e+02
-1.390753147587196145e+04
-7.701640614541247487e+02
-3.144120746493645129e+04
-6.052334300651217745e+03
-7.769850253652990432e+03
3.954286416891394038e+04
-1.843414029687413495e+04
-3.363366248527484277e+04
1.367905193729208258e+04
5.707654015797843749e+04
4.861013949542291812e+04
-5.800729039256896067e+04
4.685736831388073188e+04
-1.566030265741414405e+04
-1.132257619256304315e+04
-9.962305273991381910e+03
-1.655495912689166289e+03
-1.393664339898290928e+04
1.762427813917266030e+04
-4.287634771823764822e+03
-2.749598126305587721e+04
5.254758753808673646e+03
-1.960552885929472177e+04
1.861974797680472875e+03
2.770718556327220722e+04
-1.305131154774786592e+04
-1.843414029687413495e+04
-1.132257619256304315e+04
-1.656878225811750235e+04
9.885712937306948334e+02
-4.432386296140873583e+02
-2.096562064607955472e+04
1.748887454934490052e+03
-2.894444494891095383e+04
1.861974797680472875e+03
4.129563535045612662e+04
2.945995674481439346e+04
-2.719167376736877122e+04
-8.690437333428448255e+03
-6.370528777599171735e+04
1.032394424956487455e+02
1.861974797680472875e+03
-1.785275767775253553e+04
1.587150695763047224e+04
-9.962305273991381910e+03
3.735040914857554890e+04
-1.655495912689166289e+03
-1.568941458052509552e+04
-1.566030265741414405e+04
-1.843414029687413495e+04
1.032394424956487455e+02
-1.745411410935255117e+04
-4.139998652513571869e+04
-3.408267094231352985e+03
-2.184498832367196519e+04
6.321422138019739941e+04
5.080259451576130959e+04
4.685736831388073188e+04
2.741342475272881529e+03
-7.498258390055700147e+03
-7.498258390055700147e+03
-3.101420002093646872e+03
-1.626193516597979760e+04
-8.377626067648106982e+03
-1.453866558907303443e+04
-1.860151866037096261e+04
-5.739523034870877382e+03
1.251971444690873068e+04
-1.478419179071391909e+03
-2.065280938029921890e+04
6.161520005101783318e+04
-3.974823506043425368e+03
-1.362383213320256800e+04
-1.331409778471312529e+04
-6.612926538820654969e+03
-2.514977639035485845e+04
-6.359204371411004104e+04
-1.625597099233716654e+04
-2.153217705789162210e+04
-9.368871582832545755e+03
-3.299945677324160442e+02
-3.105706023659572020e+04
5.266860975918516488e+04
5.372474764725669229e+04
-1.336720473266195768e+03
-2.911182331240777785e+04
-1.506686896625531153e+04
-1.889407402511439432e+04
-3.095455828451015350e+03
5.091583857764299319e+04
3.054153741053223712e+03
-7.492294216413063623e+03
4.188906904161495913e+04
6.161520005101783318e+04
5.197197646571450605e+04
-4.573527956737848399e+02
-2.690254757189704469e+04
-1.725932398659369937e+04
-2.153217705789162210e+04
-1.013039724919029322e+04
-2.690254757189704469e+04
-1.889407402511439432e+04
-5.733558861228244496e+03
-1.713533866992957701e+04
-1.449723563715234559e+04
-2.120455018847427709e+04
-6.359204371411004104e+04
-3.299945677324160442e+02
-5.733558861228244496e+03
-4.156736488863254635e+04
5.372474764725669229e+04
-1.361786795955993512e+04
1.251971444690873068e+04
-3.299945677324160442e+02
-3.101420002093646872e+03
1.646494064878930658e+04
-4.860155357278467818e+03
7.140358412669980908e+02
-2.909500259223543253e+04
4.802675026383392833e+04
-1.537660331474475424e+04
-7.492294216413063623e+03
-3.304022879411601753e+04
-1.684874747882877637e+04
2.830061925443103974e+04
-1.626193516597979760e+04
3.615231634148157355e+03
-3.105706023659572020e+04
-3.095455828451015350e+03
-1.478419179071391909e+03
5.766997384913725546e+04
-3.280983141813791008e+04
-2.216088150858604422e+03
-1.889407402511439432e+04
5.766997384913725546e+04
-3.980787679686059164e+03
5.372474764725669229e+04
3.224584545631162109e+04
2.174786063460812784e+03
-1.234621056873464113e+04
4.697061237576241547e+04
-1.713533866992957701e+04
-2.120455018847427709e+04
-3.980787679686059164e+03
-4.332013607017473987e+04
-1.273850028196752646e+04
3.054153741053223712e+03
-3.980787679686059164e+03
-3.095455828451015350e+03
-1.506686896625531153e+04
-7.498258390055700147e+03
1.301382559511037016e+03
2.174786063460812784e+03
5.266860975918516488e+04
-1.453866558907303443e+04
6.380765507135623920e+04
-2.735905213086559525e+04
-5.733558861228244496e+03
-6.612926538820654969e+03
-1.391859010710405710e+04
-8.191128157393485708e+03
-7.580749432179072755e+02
5.665526225423793221e+04
1.212927343745013786e+02
-1.743009664383106428e+04
-4.245901955512909808e+03
-5.854087070960814162e+04
-6.438356975851300376e+03
5.095726487081516825e+04
5.026901419872212864e+04
-6.248609691148872662e+04
5.095726487081516825e+04
-3.006757536323326008e+02
1.150500285200939834e+04
1.150500285200939834e+04
-1.215985475191923797e+04
-5.854087070960814162e+04
-1.299303494765550568e+04
-2.397203296491579749e+04
-8.191128157393485708e+03
-1.215985475191923797e+04
-8.191128157393485708e+03
-1.918883199901588523e+04
-5.154913331179959641e+03
-8.191128157393485708e+03
1.720300023543216230e+04
-1.391859010710405710e+04
-1.919479617265851994e+04
-2.616448798525418533e+04
-2.006819967660829570e+04
-7.793016363957189242e+03
-1.608158056115464024e+04
1.452095427909853697e+03
-3.390213802352503990e+03
-1.918883199901588523e+04
-1.743606081747369535e+04
-9.545787545499373664e+03
-2.493130773970724022e+03
-6.028316835129734500e+03
-7.521107695752743894e+02
2.728590765953170921e+04
-3.186248536867695293e+04
-1.655072896623865381e+04
-1.303325825586901374e+04
-3.273670217606093138e+04
-1.608158056115464024e+04
-2.493130773970724022e+03
-5.154913331179959641e+03
-2.516810298402729131e+03
-3.010971418713477033e+04
-3.405494038901534077e+04
-2.516810298402729131e+03
2.728590765953170921e+04
-6.028316835129734500e+03
-2.002680676303521614e+04
-2.728592288878860927e+04
-5.854087070960814162e+04
3.692913124483505089e+04
2.728590765953170921e+04
-1.693826114953607976e+04
1.880028089559320961e+03
-2.616448798525418533e+04
5.095726487081516825e+04
8.840746382240553203e+02
-1.432880937961245581e+04
-3.390213802352503990e+03
3.912158626517343509e+04
-2.094756735420070618e+04
-1.038358317773187810e+04
2.728590765953170921e+04
-1.128048707432682932e+04
-1.830946432142347476e+04
-1.042515522309178414e+04
4.481958364859620633e+04
-5.154913331179959641e+03
-5.854087070960814162e+04
-1.215985475191923797e+04
-2.002680676303521614e+04
-2.221926178337360761e+04
-1.299303494765550568e+04
-7.793016363957189242e+03
-6.028316835129734500e+03
-7.787052190314552718e+03
5.026901419872212864e+04
-1.567732546228887804e+04
-2.616448798525418533e+04
-3.006757536323326008e+02
-1.128048707432682932e+04
-2.397203296491579749e+04
-6.028316835129734500e+03
-3.006757536323326008e+02
3.298390504295447317e+04
-1.130452290068419461e+04
-4.149423564655557129e+04
-3.580771157055752701e+04
5.095726487081516825e+04
-4.275545653587547349e+03
-3.396177975995136876e+03
-1.128048707432682932e+04
2.180864673781135025e+03
-6.367266114429055960e+03
-8.054245156437606056e+03
1.618799297078905965e+03
-1.681792193236170715e+04
-6.237240858295317594e+04
-1.031249231630963368e+04
-3.003862332571252045e+04
-1.031249231630963368e+04
-1.013339562055691658e+03
-1.287934661911996227e+04
-1.593259008112666379e+04
3.082095583762841216e+03
-3.651442594832922168e+03
-2.390094210349355126e+04
-1.425771851819021140e+04
-1.399360581059181641e+02
1.727409109685440853e+04
-2.120879614668112481e+04
2.735699852095395181e+04
-1.330045122199206526e+04
-5.842718238107260549e+04
-1.206526349785181810e+04
2.498166974671312346e+03
3.130222472283453681e+04
1.332886489497383081e+04
4.834866765305027002e+03
-2.295848922100871903e+02
-1.699424956211891549e+04
-6.295509801252786929e+03
-5.416142123660376456e+03
-1.601048969973239764e+04
3.524745092471510725e+04
2.910976970249614169e+04
4.643747632537707977e+04
-2.208816382427353528e+04
-3.573662070913528441e+04
1.618799297078905965e+03
4.489067451001844893e+04
7.394316194864950376e+02
-2.295848922100871903e+02
-2.422039912548478696e+03
5.213547370879985101e+04
4.489067451001844893e+04
5.213547370879985101e+04
-2.390094210349355126e+04
5.891880813599856629e+04
-1.156575169316461142e+04
3.130222472283453681e+04
-2.784616830537412898e+04
-1.857665728754652810e+04
-1.857665728754652810e+04
4.489067451001844893e+04
4.819024750691927329e+04
3.305499590437671577e+04
-1.425771851819021140e+04
-4.174811094090665392e+03
7.453957931291256500e+02
-1.507180163945835193e+04
-1.505322240353425332e+04
-5.416142123660376456e+03
4.708312953035683313e+04
-1.769132543631148292e+04
4.883590071189902665e+04
-1.013339562055691658e+03
7.394316194864950376e+02
-1.593855425476929668e+04
-1.505322240353425332e+04
-5.416142123660376456e+03
-4.174811094090665392e+03
-2.609339712383194637e+04
4.883590071189902665e+04
6.461680551942133025e+04
-1.945602496513893857e+04
-4.536774446067965982e+03
-4.530810272425333096e+03
-1.505322240353425332e+04
1.157609371343164457e+04
-1.019303735698326818e+03
-8.933612834030018348e+03
-1.593855425476929668e+04
-4.536774446067965982e+03
-3.295533350142805284e+04
-1.857069311390389339e+04
1.618799297078905965e+03
-1.995571590161297354e+04
-2.033539264273134904e+04
-8.048280982794972260e+03
2.910976970249614169e+04
4.094544830813787121e+04
-1.399360581059181641e+02
-1.874702074366110173e+04
-1.892707239648102586e+03
-6.017995356261479174e+04
-8.048280982794972260e+03
3.700022210625729349e+04
-6.295509801252786929e+03
-2.422039912548478696e+03
-8.933612834030018348e+03
-2.032942846908871070e+04
4.752969948552182177e+04
5.081378249438144849e+04
-1.474426840547932807e+04
-2.089387797498357031e+04
-1.649703958702151431e+04
-9.865922361144650495e+03
-1.385893655424428471e+04
1.772066105201938990e+04
-5.095259778320185433e+03
-6.194132861582939222e+04
-5.974627455912596815e+03
4.928247066706400801e+04
-6.853995133505008198e+03
-1.298553305029451076e+04
4.928247066706400801e+04
2.780356847611893318e+04
-5.799610241394882905e+04
-2.001451029739115620e+04
-1.381114856302522821e+04
2.955633965766111942e+04
3.350156585954170441e+04
-3.353727957242811681e+04
-3.728241138925682662e+03
-1.738237143825655949e+04
-2.463120919185591902e+03
4.139201826330285257e+04
-9.498062339924870685e+03
-1.737640726461392478e+04
-6.369409979737158574e+04
-3.342488596777999192e+03
5.256655367592363473e+04
-2.564682716866695409e+04
-1.069549547045398867e+04
2.780356847611893318e+04
4.752969948552182177e+04
2.169850629548945165e+02
-1.161869354268683674e+04
-1.386490072788692123e+04
-2.345437214832856989e+04
-1.122679769510968981e+04
-1.125083352146705693e+04
-3.265590531777168508e+04
3.350156585954170441e+04
4.928247066706400801e+04
-1.583753241593180974e+03
1.749821135916386083e+02
-1.975469957383496649e+03
-1.464072167233456821e+04
-1.738237143825655949e+04
-2.001451029739115620e+04
-1.669482137846255500e+04
-9.498062339924870685e+03
-3.342488596777999192e+03
-1.210616537270209847e+04
4.358447328364124405e+04
-2.345437214832856989e+04
-6.853995133505008198e+03
-1.297956887665187605e+04
4.372768985165073900e+03
-9.492098166282237798e+03
-3.265590531777168508e+04
3.513175550886624023e+03
5.542015188928297721e+04
-1.125083352146705693e+04
-3.353727957242811681e+04
5.147492568740239221e+04
-1.161869354268683674e+04
5.147492568740239221e+04
-2.959205337054753909e+04
-1.125083352146705693e+04
5.936537809116354765e+04
3.963924708176066633e+04
6.331060429304412537e+04
1.202266366859662412e+04
1.969756244497081070e+03
-1.385893655424428471e+04
-3.336524423135366305e+03
5.081378249438144849e+04
1.969756244497081070e+03
-1.298553305029451076e+04
2.780356847611893318e+04
1.054349791184047263e+03
-6.369409979737158574e+04
1.772066105201938990e+04
-3.090313413622949884e+04
-3.529005075397029577e+04
-2.720512603049937752e+04
-5.799610241394882905e+04
-5.980591629555228792e+03
4.928247066706400801e+04
-1.037146584387464827e+04
-3.336524423135366305e+03
-1.775637476490580593e+04
3.963924708176066633e+04
-1.161869354268683674e+04
-5.920696159264072776e+03
-1.464072167233456821e+04
-2.457156745542954468e+03
-1.161869354268683674e+04
5.936537809116354765e+04
4.350906762578722555e+04
4.131661260544883407e+04
1.589248421262318698e+04
2.527803658885864024e+03
6.323519863519011415e+04
1.589248421262318698e+04
-1.678232107450452531e+04
5.139952002954838099e+04
1.370002919228479732e+04
-1.590891757055474955e+04
-9.941328018998667176e+03
-1.590295339691211484e+04
2.948093399980710819e+04
-1.414421804172729389e+04
-1.654634845193675937e+04
-5.996101817118091276e+03
-9.941328018998667176e+03
-2.029979178487416721e+04
2.527803658885864024e+03
-2.742438233025964109e+03
-6.209418421388941351e+04
-3.361268523028213531e+04
-1.678828524814715638e+04
-7.748872998660277517e+03
-1.102993738913664856e+02
5.139952002954838099e+04
-1.153611500895006429e+04
1.648435981293453096e+03
-8.024608472223058925e+03
-1.869034729076190615e+03
3.561861522202607011e+04
5.113091134368794883e+03
-3.142023020994373655e+04
-5.386505439445826596e+03
-1.414421804172729389e+04
5.113091134368794883e+03
-4.507137761853419761e+03
-1.388655422087924489e+04
-1.239144686018510765e+04
-8.024608472223058925e+03
3.342616020168767864e+04
-3.536545641182431427e+04
-6.384695539543159248e+04
-1.854105642968934262e+04
-1.678232107450452531e+04
-1.563932540242143295e+04
-1.881032398769374049e+04
2.527803658885864024e+03
-3.142023020994373655e+04
4.526183880732941179e+04
-2.966745902840155395e+04
-2.205852714005898451e+04
-1.502358571931970619e+04
-5.814895801200883579e+04
3.956384142390665511e+04
-1.502954989296233907e+04
-1.327081453777752176e+04
1.648435981293453096e+03
-5.386505439445826596e+03
-1.869034729076190615e+03
4.745429382766780327e+04
-3.621805910618376402e+03
-4.507137761853419761e+03
3.167338902014549603e+04
-3.621805910618376402e+03
-4.177617021595533879e+04
3.360319952826608642e+03
-1.502358571931970619e+04
-1.854105642968934262e+04
-2.756785745818838041e+04
-2.352977780618258839e+04
2.948093399980710819e+04
-6.209418421388941351e+04
-9.896670514837774135e+02
-1.260112225005618711e+04
-2.352977780618258839e+04
-1.502358571931970619e+04
-1.239144686018510765e+04
-5.990172919355101476e+04
1.194725801074260926e+04
-1.563932540242143295e+04
-1.942042410728175673e+04
4.671570069444087858e+04
5.139952002954838099e+04
-1.654634845193675937e+04
-3.621805910618376402e+03
-3.621805910618376402e+03
-4.352894139749751776e+04
-1.388655422087924489e+04
-1.854702060333198096e+04
5.113091134368794883e+03
5.709751741297115223e+04
7.750324773436773285e+02
-1.958455160430200704e+04
1.894350586643064162e+03
-1.958455160430200704e+04
-1.414421804172729389e+04
-2.030575595851679827e+04
3.956384142390665511e+04
-2.117915946246657768e+04
-6.974602874190706643e+03
-1.749701500529962505e+04
-8.739302403018156838e+03
-1.837638268289203552e+04
-8.249933046864680364e+02
-1.310017661733757450e+04
-7.935476468811570157e+03
6.480136634658101684e+04
-1.682317411316884682e+04
-1.573827965011480410e+04
5.121291655939709017e+04
-2.371638127633388285e+04
-9.618670080610569130e+03
-3.160683368009503465e+04
6.304859516503883060e+04
-1.682317411316884682e+04
-1.485891197252239726e+04
-1.666324697590266078e+04
-1.801838389291111525e+04
-1.491047579436047272e+04
3.323955673153638782e+04
6.304859516503883060e+04
-1.096524959247990046e+04
-6.182705287269383916e+03
6.304859516503883060e+04
-2.908624994674786285e+04
-2.733347876520567297e+04
-2.733347876520567297e+04
-2.908624994674786285e+04
-1.485891197252239726e+04
-6.221108273785530764e+04
-1.397954429492998497e+04
6.033854654857805144e+01
-1.749701500529962505e+04
1.707747116491770157e+03
-1.704360982278878964e+03
-2.013511803807685646e+04
-1.977115507445330149e+04
4.902046153905869869e+04
4.659880217047496990e+04
-1.398550846857261786e+04
-2.766160747821445693e+04
-6.396385391939748661e+04
-1.977115507445330149e+04
-3.379928870043341885e+04
-8.249933046864680364e+02
-2.590883629667227069e+04
-1.749701500529962505e+04
-1.801838389291111525e+04
-6.001862771751690889e+04
-3.555205988197560509e+04
-2.577764486228654732e+03
-1.582592887257272378e+04
-3.379928870043341885e+04
4.113000913529754325e+04
3.937723795375535701e+04
-3.990250266930992439e+03
-6.101199370240928147e+03
3.243421428860717697e+03
-1.682317411316884682e+04
-5.215867519005883878e+03
3.243421428860717697e+03
-6.001862771751690889e+04
6.480136634658101684e+04
6.304859516503883060e+04
-1.222677311338779873e+04
-8.190291310438351502e+02
-1.749701500529962505e+04
1.707747116491770157e+03
-2.577764486228654732e+03
-1.666324697590266078e+04
5.296568774093926186e+04
3.543201175187477929e+04
-2.985406249855284841e+04
-1.926171453412708070e+04
-1.134740543579539008e+04
-5.826585653597473720e+04
3.148678554999420157e+04
-2.733347876520567297e+04
5.296568774093926186e+04
9.337420504983515457e+02
1.745865192401408058e+04
4.332246415563593473e+04
-1.977115507445330149e+04
5.437437290594289152e+01
-2.590883629667227069e+04
-7.859934725425750003e+03
1.351342572213350286e+04
2.754155934811362386e+04
3.543201175187477929e+04
-1.485891197252239726e+04
-1.049207358456034490e+04
1.351342572213350286e+04
1.707747116491770157e+03
-1.188070267069214606e+04
-1.398550846857261786e+04
-1.491047579436047272e+04
-1.188070267069214606e+04
4.726769035751651245e+04
6.480136634658101684e+04
-2.081040272976036795e+04
5.948107430825137999e+04
-1.468767032967931300e+04
-4.138381029147208210e+03
-2.553113095157912539e+04
-1.114332244988648927e+04
-7.557771123718421222e+03
-1.249521530934091788e+04
-3.517435453688246344e+04
1.608358608756503963e+04
-2.553113095157912539e+04
-4.132416855504574414e+03
-1.852676218921412874e+04
-9.750226144056812700e+03
5.553584810637081682e+04
-1.249521530934091788e+04
-1.289609363142867551e+04
4.545294068227127718e+04
-1.202269012747889792e+04
-3.517435453688246344e+04
1.783635726910722587e+04
-9.414587094701666501e+03
-1.939344972936015256e+04
1.143789210049883422e+03
-9.408622921059035434e+03
2.791926469320677279e+04
6.123384548979356623e+04
2.967203587474895903e+04
-1.074244412779873164e+04
-1.468767032967931300e+04
-5.017748706739619593e+03
3.361726207662953675e+04
5.218998075084055927e+03
-1.729293201939072605e+04
-3.273507494698107621e+04
-6.374104845471632871e+04
-6.209103187775667720e+02
3.580971709696792823e+04
-1.494313822727344814e+03
-1.494313822727344814e+03
3.361726207662953675e+04
-2.333867593124073028e+04
-2.728429565970876502e+04
3.975494329884850595e+04
5.553584810637081682e+04
-1.817826387062577123e+04
1.389113106722665179e+04
4.939816688415185490e+04
-1.677399100767194250e+04
-2.728390213312130800e+04
-5.891152210689393542e+03
-1.859773740295657944e+03
-7.649887565874212669e+03
3.975494329884850595e+04
3.975494329884850595e+04
-1.993699922581058490e+04
6.123384548979356623e+04
-1.641356434179831558e+04
-1.993103505216795384e+04
-7.649887565874212669e+03
-3.259013351554795918e+03
3.580971709696792823e+04
-4.789993083387037132e+02
5.076683383703669097e+04
4.370016950072908367e+04
-5.891152210689393542e+03
-1.150299732559899894e+04
-1.494313822727344814e+03
-1.993103505216795384e+04
-1.074244412779873164e+04
-1.369545234593739224e+04
2.896560391592070118e+03
-1.249521530934091788e+04
1.389113106722665179e+04
4.150771448039069946e+04
-5.979582225283575099e+04
-7.649887565874212669e+03
-1.939344972936015256e+04
2.967203587474895903e+04
-1.150299732559899894e+04
4.857437881669829949e+04
5.728861928791299579e+04
2.791926469320677279e+04
-6.374104845471632871e+04
-1.500277996369977700e+03
-6.374104845471632871e+04
-1.817826387062577123e+04
1.143789210049883422e+03
5.728861928791299579e+04
6.123384548979356623e+04
5.218998075084055927e+03
1.389113106722665179e+04
-1.677399100767194250e+04
-7.655851739516849193e+03
-6.374104845471632871e+04
5.948107430825137999e+04
5.948107430825137999e+04
1.213835988568446555e+04
-1.905763154821818171e+04
2.085452461584918638e+03
1.225532988576146090e+04
-1.807879404224673635e+04
3.373423207670653210e+04
-1.983156522378892259e+04
-2.541416095150212277e+04
-1.192322029909986668e+04
-1.455535915823445976e+04
4.776236570268665673e+04
-1.927647972928315721e+04
-8.435749588730226606e+03
-9.309153092680000555e+03
3.803929223205952894e+03
5.110453616670078191e+04
3.638913608365078289e+02
-3.066210160747277405e+04
3.638913608365078289e+02
-6.671050059902771864e+03
5.346036308610942797e+04
4.556991068234826525e+04
-5.214404903985382589e+02
4.381713950080607901e+04
4.556991068234826525e+04
6.354327051020896761e+04
3.579271871938749427e+02
2.996030219971103179e+03
-1.543472683582687387e+04
-7.550417737495182337e+03
-2.541416095150212277e+04
-1.357848234586039325e+04
3.579271871938749427e+02
-1.544069100946950311e+04
-1.631409451341928434e+04
-2.871686468328483534e+04
-9.633256143979815533e+03
3.767945827858710982e+04
6.354327051020896761e+04
-1.544069100946950311e+04
3.803929223205952894e+03
2.996030219971103179e+03
-2.071093290138132943e+04
-2.146893474962154869e+04
-1.394843994348311753e+03
3.987191329892550129e+04
-5.770534874162949563e+04
3.592668709704492358e+04
-3.159543523175766495e+03
-5.945811992317168188e+04
-8.435749588730226606e+03
-1.368195565428468581e+04
-4.292517744105178281e+04
-1.610273918155741922e+04
2.803623469328376814e+04
6.354327051020896761e+04
-5.688029942099238724e+03
4.776236570268665673e+04
-3.111215833492489037e+04
-5.770534874162949563e+04
-2.696409350174264546e+04
-1.820656003124800554e+04
-6.340334612505225959e+04
-2.541416095150212277e+04
-1.455535915823445976e+04
-1.040474179813465889e+04
-1.632005868706191723e+04
2.978900587482595802e+04
-3.241487278901495665e+04
4.715930996482021146e+04
2.116662542378694525e+03
5.556700404748139590e+03
-1.412969786746248246e+02
5.389177731751240117e+02
4.715930996482021146e+04
-1.719346219101169117e+04
6.135081548987057613e+04
-9.315117266322635260e+03
-3.153579349533129971e+03
-3.159543523175766495e+03
-5.154763167559008252e+02
-1.400808167990944639e+03
4.556991068234826525e+04
-6.165057494351006608e+04
-1.280258797669227533e+04
-1.040474179813465889e+04
-1.357848234586039325e+04
-1.645378884970581930e+04
-1.456132333187709810e+04
-5.791682382310362300e+03
-1.357848234586039325e+04
3.767945827858710982e+04
1.225532988576146090e+04
-1.412969786746248246e+02
3.592668709704492358e+04
-1.631409451341928434e+04
1.611474202867561416e+03
-1.543472683582687387e+04
-4.032947027125542263e+03
-6.340334612505225959e+04
2.803623469328376814e+04
1.620055608764203680e+04
4.891208114636239770e+04
4.911252965547366330e+04
-4.374609533132045181e+04
-1.096684119342778104e+04
6.314066328145380248e+04
-6.575966979108363375e+03
-1.445431190379742111e+04
-2.187154197837672837e+04
-3.931899772688500434e+03
4.122207725171250786e+04
-2.236862100212911173e+04
6.094820826111539645e+04
-4.817231623923543339e+03
-1.178863455427717963e+04
-2.179128591146313738e+03
-1.096684119342778104e+04
-1.398108957461557111e+04
6.489343446299597417e+04
-1.709837911021728723e+04
-5.690635127873320016e+03
-1.797178261416705936e+04
-5.865016745430961009e+02
-5.990332461904014781e+04
-1.270154072225523305e+04
3.333162484795135970e+04
5.525021087769263249e+04
5.130498467581206933e+04
-3.052532095096089506e+03
-7.843408352396601913e+03
6.314066328145380248e+04
-3.545999176556064049e+04
1.185272265700628486e+04
-1.654794387742590334e+04
5.065933147083231597e+04
-1.003586337273499339e+04
-1.902747792151667818e+04
-2.060988564694429078e+04
5.241210265237450949e+04
-2.581676818025730608e+04
-2.179128591146313738e+03
-3.052532095096089506e+03
-3.545999176556064049e+04
-6.209577963937853929e+04
-1.533367958138983158e+04
-4.374609533132045181e+04
-1.621304725898224206e+04
3.358724527337480140e+03
-3.937863946331134684e+03
-1.084994649400313392e+04
1.579794885888686258e+04
4.649386152735496580e+02
-3.052532095096089506e+03
-1.182217304466282803e+04
-8.328738160650551436e+03
4.649386152735496580e+02
-6.384855082092073280e+04
-7.449370483058140962e+03
-4.144290623188567224e+02
-1.008747351583537056e+04
-5.815055343749796157e+04
-1.797774678780969407e+04
5.700298205923482601e+04
1.166269506999090481e+03
-1.184620887102018969e+04
-2.953778257355349342e+04
-1.260271767554531834e+04
-1.727470673997449194e+04
-3.323579067928362929e+04
-1.533964375503246447e+04
3.333162484795135970e+04
5.919543707957322476e+04
5.919543707957322476e+04
3.464390497605690598e+03
2.763362746452859574e+04
-1.885711446540210454e+04
-1.727470673997449194e+04
-2.173164417503680852e+03
-3.148301949774144305e+04
3.157885366640916618e+04
-1.621901143262487494e+04
-2.362431315991891097e+04
-5.696599301515954721e+03
4.735975847393147706e+04
-1.184620887102018969e+04
-8.334702334293184322e+03
3.358724527337480140e+03
-1.902747792151667818e+04
-2.148925332453670126e+04
-1.654794387742590334e+04
-1.621304725898224206e+04
-7.449370483058140962e+03
4.846687645049391722e+04
1.579794885888686258e+04
-4.374609533132045181e+04
4.735975847393147706e+04
-1.182217304466282803e+04
-1.009343768947800345e+04
-3.545999176556064049e+04
4.589744416309167718e+02
2.763362746452859574e+04
3.358724527337480140e+03
-1.857837173059680572e+04
-1.857837173059680572e+04
-8.049995425845252612e+03
-8.049995425845252612e+03
4.484275272837207012e+04
-1.356863275135629010e+02
-1.156746613621489450e+04
5.273320513213322556e+04
-2.789409008702050414e+04
-6.005748547580798186e+04
-3.659121211525835861e+03
-1.036041409795601066e+04
-6.224994049614636606e+04
-1.211318527949819509e+04
3.914475534494931344e+04
-6.415187896075432036e+03
4.957334852111840519e+03
-1.330216566504234652e+04
-2.775066738564652269e+02
-3.183931628890108186e+04
-1.769900405300439525e+04
-1.021018178748606715e+03
-2.000363768325935234e+04
-1.945773940818921255e+04
-1.505493684658453276e+04
-1.417556916899212229e+04
1.878075440009874455e+03
-1.242279798744993786e+04
1.547339813366584713e+04
-1.670210473419372647e+04
-2.208987826732380927e+04
1.012108650231265301e+03
-1.015054005105971555e+03
-1.605841148137877281e+04
1.722616931520803337e+04
-1.769303987936176054e+04
-2.614131890547832154e+04
1.152817193178526941e+04
-7.406625313109213948e+02
4.878797893025265512e+04
3.204563670569654278e+03
2.730907673930757301e+04
-1.015054005105971555e+03
-6.005748547580798186e+04
-6.297224244303065461e+03
-8.935327277080295971e+03
-8.167959077617619187e+03
7.436813500788480269e+02
-1.594026869781957612e+04
3.914475534494931344e+04
5.273320513213322556e+04
-1.417556916899212229e+04
3.204563670569654278e+03
2.496452531621034723e+03
-2.033114291213899560e+04
1.475264507685720901e+03
-1.594026869781957612e+04
-1.430564029983658656e+04
-8.049995425845252612e+03
-1.594026869781957612e+04
-2.394886388513992642e+04
4.703520774871046160e+04
1.475264507685720901e+03
-2.000363768325935234e+04
-1.769900405300439525e+04
-1.945177523454658149e+04
-1.242279798744993786e+04
-6.005748547580798186e+04
-1.594026869781957612e+04
4.089752652649149968e+04
5.667843133401380328e+04
-5.411892393068021192e+03
-2.469961694194854317e+03
-7.406625313109213948e+02
-1.211318527949819509e+04
-2.775066738564652269e+02
-1.021018178748606715e+03
-1.593430452417694141e+04
-4.222732875737040558e+03
-1.275687853231314512e+04
-3.278665807602513814e+04
-2.779753533933424023e+03
-1.894421682698380209e+03
-6.291260070660433485e+03
4.308998154682988388e+04
-2.773789360290791137e+03
5.050517061406448192e+04
-1.894421682698380209e+03
-1.015054005105971555e+03
3.519952914306872844e+04
-1.015054005105971555e+03
-1.015054005105971555e+03
-2.121051058973140243e+04
4.703520774871046160e+04
5.098043395059104660e+04
-1.329620149139971181e+04
-2.773789360290791137e+03
-9.808730781030069920e+03
1.328094311332745201e+04
4.089752652649149968e+04
-4.338205438258673530e+04
-1.357934301004225745e+04
-2.936024781756456287e+04
-1.873175097567093417e+03
4.162382381628581788e+04
-1.591305793904565508e+04
6.529518102756928420e+04
5.740472862380812876e+04
-1.327495490626842366e+04
4.951427622004697332e+04
-3.505824520098733046e+04
-2.752542775159504345e+03
-3.631910452751913908e+03
-1.327495490626842366e+04
-2.118329983095747957e+04
-3.496435585942711441e+03
4.487906159378657094e+02
-9.787484195898785401e+03
2.201561797480051609e+03
-1.214288365581750986e+04
3.592582643286306120e+04
5.287193667210231069e+04
-1.239558722867601500e+04
5.565195744226593524e+04
-1.415432258386083413e+04
-1.608810985769808940e+04
-1.855116097182288286e+04
-1.151621955108360453e+04
5.111916549056011718e+04
-5.688890606281102919e+03
-9.787484195898785401e+03
-8.022784667071329750e+03
5.170673124038537208e+04
5.565195744226593524e+04
-9.634116808161679728e+03
-5.384681634294101059e+03
-2.030989632700770380e+04
-2.030393215336506910e+04
-2.541502161568398878e+04
6.134995482568870648e+04
4.162382381628581788e+04
-1.214288365581750986e+04
-1.239558722867601500e+04
3.373337141252466972e+04
-2.030393215336506910e+04
5.740472862380812876e+04
-1.766582912058784132e+04
-3.111897854900772654e+04
1.644295612802545747e+03
-4.162928320104455634e+04
-3.330547401944514422e+04
6.529518102756928420e+04
-4.511278130344324381e+03
2.978814521064409200e+04
-1.679242561663806191e+04
-6.264049311886509713e+03
-3.287174973054991278e+04
5.287193667210231069e+04
-6.338871680119291705e+04
-1.679242561663806191e+04
-6.163594561965073808e+04
-4.162928320104455634e+04
-1.414835841021820306e+04
3.592582643286306120e+04
-1.502772608781060990e+04
-1.066088769984856117e+04
2.523663290394956675e+03
-2.716779279722617503e+04
5.345950242192755104e+04
-3.111301899910674911e+04
1.795246660500235885e+04
3.818558547065289531e+03
-1.867210923924460531e+03
7.708921088527699794e+02
-4.162928320104455634e+04
5.740472862380812876e+04
-1.414835841021820306e+04
-2.206266750854989368e+04
4.487906159378657094e+02
5.571329728607475772e+03
-4.511278130344324381e+03
4.487906159378657094e+02
4.776150503850480163e+04
-3.330547401944514422e+04
-1.867210923924460531e+03
-1.691066579124076816e+04
-5.688890606281102919e+03
-3.111301899910674911e+04
-1.239558722867601500e+04
-2.206266750854989368e+04
-9.938074199746847626e+02
7.708921088527699794e+02
-1.873175097567093417e+03
-1.590709376540302037e+04
4.717393928867953946e+04
-3.287174973054991278e+04
-2.030393215336506910e+04
-2.030393215336506910e+04
-2.917374162481978055e+04
5.959718364414653479e+04
-2.708434279815230548e+04
-2.739628561092542441e+04
-8.875686691933608017e+03
-5.761501441271687509e+04
1.628314542253404397e+04
-7.358211788749417792e+03
-7.990354840698564658e+03
-8.875686691933608017e+03
-1.130343799062999824e+04
-1.412189275748806722e+04
5.748817862288200558e+04
1.233791922065346807e+04
3.995450263381750847e+04
-1.588062811267288635e+04
-6.231619485513741893e+03
-2.927679781849069695e+04
-3.497479520191345364e+04
-1.425963367110262334e+04
-3.322202402037127467e+04
-8.875686691933608017e+03
-2.714148775144103638e+03
2.556093116767722222e+03
-1.524866419251057232e+04
-7.996319014341197544e+03
-6.231619485513741893e+03
2.987159520971796155e+04
-3.284706489819774288e+04
-1.851276697180748306e+04
-7.358211788749417792e+03
-1.863875214043079177e+04
-1.834781097551692710e+03
-1.425963367110262334e+04
-1.763339929421507259e+04
-4.160459836869237915e+04
-1.499529626143784299e+04
-1.939213464939989353e+04
3.894263552118566167e+03
-3.412985586868840983e+03
-1.411592858384543433e+04
-1.675403161662266575e+04
4.170727381535969471e+04
-2.313911659627172776e+04
-1.688598095888860553e+04
-5.936778559425906860e+04
-3.284706489819774288e+04
4.565250001724027243e+04
-5.352251807921335057e+03
-2.720112948786736524e+03
-6.156024061459746008e+04
-1.411592858384543433e+04
-4.160459836869237915e+04
-4.478848303971555652e+03
7.973577615829049137e+02
-7.110987163106154185e+03
-1.919389039439115004e+04
-7.990354840698564658e+03
-4.472884130328922765e+03
-1.349589301096838608e+04
-7.358211788749417792e+03
-2.914905679246761429e+04
-9.749090195883383785e+03
-4.472884130328922765e+03
-1.601240485264481322e+04
-6.331301179613964632e+04
-2.927679781849069695e+04
-9.554134199592817822e+02
1.628314542253404397e+04
-1.587466393903025346e+04
-1.150782555106820291e+04
-1.130343799062999824e+04
-1.939809882304252824e+04
2.556093116767722222e+03
-3.497479520191345364e+04
1.701808531780170597e+03
1.628314542253404397e+04
4.959772621912085015e+04
-4.472884130328922765e+03
3.995450263381750847e+04
-1.323656090625302386e+04
-4.335736955023456539e+04
3.600927643193693075e+04
4.900241547527500370e+04
-1.675999579026529682e+04
-7.110987163106154185e+03
-4.160459836869237915e+04
4.170727381535969471e+04
1.409069040219565431e+04
-3.322202402037127467e+04
-3.593516452736512292e+03
5.119487049561339518e+04
-1.939809882304252824e+04
-1.863875214043079177e+04
1.701808531780170597e+03
-1.851276697180748306e+04
-6.331301179613964632e+04
-1.939213464939989353e+04
-2.203023768217712495e+04
-1.588062811267288635e+04
6.143340482476258330e+04
1.701808531780170597e+03
-1.310970818626369692e+04
-1.662717889663333699e+04
-1.138097283107887233e+04
5.174868609315251524e+04
-1.151336305322511907e+04
-5.225399087932004477e+03
-1.839187842546078537e+04
1.803578159164644603e+03
-2.253108604058841229e+04
-2.077831485904622241e+04
4.780345989127193752e+04
2.255624129319289295e+03
-3.466663732747183531e+03
-6.750181233066101413e+03
2.872685458385909442e+04
-7.863502120709234077e+03
-2.014464960700297161e+04
1.689117597821736126e+04
-9.622237475894055024e+03
-2.014464960700297161e+04
4.780345989127193752e+04
-1.399504003749873846e+04
9.301746552148665614e+02
-1.683308865716564833e+04
2.872685458385909442e+04
5.239821179514256073e+04
2.893042352237239356e+03
-6.750181233066101413e+03
-3.436676464623014181e+04
-3.466663732747183531e+03
-6.275919619860053353e+04
-8.345248736125859068e+02
-2.587296055154774876e+03
6.204143538044590241e+04
-1.681334319704346490e+04
6.204143538044590241e+04
5.020575677480416925e+04
-9.628201649536686091e+03
-1.288786245528507061e+04
3.047962576540128066e+04
-8.345248736125859068e+02
5.028529477771024858e+02
4.484280397982274735e+01
-7.863502120709234077e+03
-6.984134443116825423e+03
1.803578159164644603e+03
-1.750654657422574383e+04
4.448079149657679409e+03
-1.464063363682725685e+04
5.239821179514256073e+04
-6.750181233066101413e+03
-9.628201649536686091e+03
5.174868609315251524e+04
-2.472354106092680013e+04
-1.545858925510569316e+04
-2.866876726280737785e+04
-4.346031410339595823e+03
1.689117597821736126e+04
-9.622237475894055024e+03
-7.869466294351868783e+03
2.872685458385909442e+04
-5.881396999671995582e+04
1.140271170695053343e+03
5.415098297668475425e+04
-8.345248736125859068e+02
-1.751251074786837853e+04
-2.102401728459538572e+04
-3.466663732747183531e+03
-1.151336305322511907e+04
5.080697762245790727e+01
5.174868609315251524e+04
-8.942636253404491072e+03
1.689117597821736126e+04
-2.190338496218779619e+04
-2.647631224246899001e+04
-1.681334319704346490e+04
-6.104766765524413131e+03
5.020575677480416925e+04
-1.069540743494667913e+04
6.028866419890371617e+04
-9.760591871682934652e+03
-4.997410051523915172e+03
5.020575677480416925e+04
3.267208078573967214e+04
-9.622237475894055024e+03
-4.328473178838943568e+04
-4.346031410339595823e+03
6.204143538044590241e+04
5.350145727469470148e+04
-6.110730939167047836e+03
5.350145727469470148e+04
5.174868609315251524e+04
1.803578159164644603e+03
3.837007816916243610e+04
-4.346031410339595823e+03
-1.681334319704346490e+04
-2.014464960700297161e+04
-1.574781121904092470e+04
-1.069540743494667913e+04
3.837007816916243610e+04
-2.166863249504610576e+04
6.137888461772188020e+04
-7.412731995790114524e+03
-1.551902292554187079e+04
-9.393449182394999298e+03
6.137888461772188020e+04
-5.870014298382726338e+03
3.376230120455784345e+04
2.230491589513226700e+03
-1.112218453757981843e+04
-1.074455988626182261e+04
-5.938082328282666822e+02
-1.903649363591150905e+04
5.173566103241853853e+04
-1.991586131350391952e+04
3.200953002301565721e+04
-1.690000798175666569e+04
-1.727179410708405703e+04
1.622862521549334815e+04
-1.903052946226887434e+04
-1.727775828072668810e+04
1.798139639703553621e+04
-1.135795819767069042e+04
2.806430382113507949e+04
-1.135795819767069042e+04
-1.288091989276464119e+04
6.357133963806026441e+04
1.164927122356555174e+03
-2.352543588013086264e+03
-2.713886300519299766e+04
-9.393449182394999298e+03
1.622862521549334815e+04
-2.916308381533566717e+04
2.981707500267726937e+04
-7.634713827210181080e+03
4.857226305823522125e+04
-5.875978472025358315e+03
1.164927122356555174e+03
-2.713886300519299766e+04
-1.551305875189923609e+04
-5.938082328282666822e+02
-1.551902292554187079e+04
-4.117243116840540097e+03
6.357133963806026441e+04
-5.804516682975665026e+04
-9.387485008752368230e+03
-2.741031263379348093e+04
-5.997724064708995684e+02
-3.110832073952361679e+04
-1.644255726968458839e+04
-1.990989713986128481e+04
5.251748926011579897e+04
-8.514081504802588825e+03
-1.639242642949164656e+04
-1.727179410708405703e+04
2.981707500267726937e+04
-5.875978472025358315e+03
-1.551902292554187079e+04
-7.412731995790114524e+03
2.806430382113507949e+04
-1.690000798175666569e+04
2.981707500267726937e+04
-2.078926481745369892e+04
-1.644255726968458839e+04
-4.111278943197905392e+03
-1.135795819767069042e+04
-1.865277916329885193e+04
-1.714734612367350337e+03
1.798139639703553621e+04
1.158962948713917740e+03
1.158962948713917740e+03
-5.804516682975665026e+04
-4.990646620790315865e+03
-9.387485008752368230e+03
-4.811150668017802445e+02
-1.924841060143184586e+04
-5.979793801129883650e+04
-1.815712595831910221e+04
4.954320601208015432e+04
-1.468978608814240215e+04
-5.938082328282666822e+02
-2.741031263379348093e+04
6.357133963806026441e+04
-5.938082328282666822e+02
-5.875978472025358315e+03
6.137888461772188020e+04
-2.352543588013086264e+03
1.622862521549334815e+04
2.795952711215090858e+02
-9.605187016128506002e+03
-5.938082328282666822e+02
6.357133963806026441e+04
5.173566103241853853e+04
6.532411081960245792e+04
5.216882316620975871e+03
4.165275360831899889e+04
3.595475622489623493e+04
-2.741031263379348093e+04
-5.804516682975665026e+04
-5.979793801129883650e+04
-2.933172219119474903e+04
-2.453568694319101269e+03
-6.844442908638517110e+03
6.127084257409145357e+04
1.069866189693170782e+03
-6.217201251846336527e+04
1.612058317186292334e+04
-2.447604520676468383e+03
-6.217201251846336527e+04
6.521606877597202401e+04
-1.487140557496852489e+04
-1.297001665178538860e+04
-3.326972198268880675e+03
-2.176369342770949152e+04
1.217535696998234562e+04
3.584671418126580829e+04
1.787335435340510594e+04
3.282491648252663254e+03
-1.825218689098248433e+04
-2.453568694319101269e+03
-5.965075231046110275e+03
-3.326972198268880675e+03
-2.933172219119474903e+04
-1.124128129660056948e+04
-7.520774039420542977e+03
2.795626177750465649e+04
-2.943936006916181941e+04
5.338039017033029813e+04
-5.971039404688743161e+03
-2.549413386728124169e+04
-7.723810586230928493e+03
-1.092617937308795263e+04
-6.392478370000554423e+04
-2.176369342770949152e+04
-1.913155456857489480e+04
3.696783643406128022e+02
1.069866189693170782e+03
-6.627345536279102589e+02
-2.757895100965256279e+04
-1.385534850302043196e+04
3.282491648252663254e+03
4.768239278690754145e+04
4.154471156468856498e+04
-2.000495807252467057e+04
4.839064357140909851e+04
2.795626177750465649e+04
-7.723810586230928493e+03
1.904985121007598536e+02
-1.121724547024320054e+04
-1.822776655997780381e+03
-2.447604520676468383e+03
1.063902016050535622e+03
-9.482545941415748530e+03
-6.948333391342839604e+02
4.768239278690754145e+04
-6.392478370000554423e+04
2.122449545882798702e+03
1.904985121007598536e+02
1.090036627914274732e+03
-5.971039404688743161e+03
-7.729774759873563198e+03
1.904985121007598536e+02
1.904985121007598536e+02
3.584671418126580829e+04
-1.297001665178538860e+04
6.521606877597202401e+04
-6.844442908638517110e+03
1.612058317186292334e+04
4.943516396844972041e+04
-5.822678631658277300e+04
5.338039017033029813e+04
-6.217201251846336527e+04
-6.217201251846336527e+04
2.122449545882798702e+03
4.154471156468856498e+04
-2.088432575011707740e+04
2.122449545882798702e+03
-2.724690504882342793e+04
-6.888691654916488005e+02
4.839064357140909851e+04
-1.297001665178538860e+04
-1.365845526163951035e+04
-2.724690504882342793e+04
2.795626177750465649e+04
-1.913155456857489480e+04
5.951807139254927461e+04
2.822637371235357477e+03
1.392812815152453186e+04
4.548993776656915725e+04
3.365425916092742409e+04
-4.354003494896170014e+04
4.663787238986691227e+04
-1.146600024130111888e+04
-1.209661314783561465e+04
-6.217201251846336527e+04
-1.472875200697020955e+04
-6.948333391342839604e+02
-1.561408385820525291e+04
-3.332936371911512197e+03
5.951807139254927461e+04
-1.854443711859572068e+04
-1.942976896983076585e+04
-7.142657309894388163e+03
1.607232860006621559e+04
6.516781420417533081e+04
-1.153949569785644053e+04
-1.591229825946112760e+04
-1.053296928571047829e+04
-2.334993341873955796e+04
4.703108247724438843e+04
-1.591229825946112760e+04
-1.591229825946112760e+04
-3.623802409336669825e+03
-1.866451244339928053e+03
-2.030317247378054162e+04
-1.854443711859572068e+04
-6.177880243108587456e+04
-2.743570075173426449e+04
2.524422969979486879e+03
-4.504554277117158563e+03
-2.751783095574971867e+03
-3.631150773167383704e+03
-4.504554277117158563e+03
-1.066012802026403006e+04
2.966077838725013498e+04
-4.339678469104339456e+04
-1.502696640822608060e+04
-2.695244662504450162e+02
2.074194974086093680e+03
-1.855040129223835538e+04
1.782509978160840183e+04
-1.502696640822608060e+04
4.368891201323025598e+04
-1.151545987149907523e+04
-4.339678469104339456e+04
7.716517884373001834e+02
-1.503293058186871349e+04
3.755123079101128678e+04
-1.077158891551107445e+02
-6.269253805944613305e+03
-3.343284084283910488e+04
-5.783357622920531139e+04
6.122258800229476037e+04
-5.383921954709570855e+03
4.763413821511083370e+04
-3.518561202438129112e+04
-1.077158891551107445e+02
-1.942976896983076585e+04
1.782509978160840183e+04
-8.027989161129434251e+03
4.149645699289187178e+04
-5.383921954709570855e+03
-1.415356290427630302e+04
-5.389886128352201922e+03
-1.151425481309782299e+04
-6.177880243108587456e+04
3.974368581134968554e+04
-6.353157361262806808e+04
-1.136800627977436307e+02
-1.678570176341089973e+04
6.341504302263314457e+04
-3.124038582250070613e+04
2.626446244311851842e+03
-2.206190782896535893e+04
-2.554238843907794944e+04
-9.930477403901545586e+02
1.645055292387075951e+03
7.716517884373001834e+02
-2.030913664742317633e+04
-1.136800627977436307e+02
-9.786724516314254288e+03
-1.053296928571047829e+04
-1.415356290427630302e+04
-1.623096666913324589e+04
-1.503293058186871349e+04
-2.030913664742317633e+04
-1.066012802026403006e+04
-8.907356838721843815e+03
-1.502696640822608060e+04
-1.503293058186871349e+04
-5.783357622920531139e+04
3.185323340758852646e+04
4.763413821511083370e+04
1.607232860006621559e+04
-1.447819548759105783e+04
-2.206190782896535893e+04
-2.743570075173426449e+04
4.544168319477244222e+04
-1.942976896983076585e+04
-8.027989161129434251e+03
-1.678570176341089973e+04
4.763413821511083370e+04
3.755123079101128678e+04
-8.027989161129434251e+03
-5.816257429675061758e+03
-3.124038582250070613e+04
-1.871031227794483129e+03
5.097630867912495887e+04
-8.022024987486800455e+03
-1.228574046725266271e+04
-5.986558097004052252e+04
3.314863616736390395e+04
5.901244839898575447e+04
8.998181111058647730e+02
-1.052599752395283213e+04
6.295767460086633946e+04
-1.841030662228452275e+04
-8.026397032984055841e+03
-3.082144349867940764e+04
-1.661313074091245653e+04
-1.226069705278028778e+04
-1.359446292229027620e+02
-3.082144349867940764e+04
-2.328399649561293245e+03
-2.380730184050636672e+04
-1.226069705278028778e+04
-1.841627079592715745e+04
-8.529530704363196492e+02
-1.256497402654568941e+04
3.709386236924448167e+04
5.244984630137412751e+04
-1.226069705278028778e+04
6.471044578240853298e+04
-6.205803599037891399e+04
-1.138132937518787730e+04
3.534109118770229543e+04
6.076521958052794798e+04
-5.255755632041004901e+03
-6.273625851441870509e+03
-1.577220358950729133e+04
-2.328399649561293245e+03
-8.026397032984055841e+03
-4.376387954448596247e+03
4.850462009949354979e+04
-7.893858664818235411e+03
5.112199599522460630e+04
3.396468176337112709e+03
5.069707511983193399e+04
-2.599975686084475456e+04
-5.811280978849832900e+04
-3.564298044614809623e+04
-1.313410055673006354e+04
-6.205803599037891399e+04
-2.104840965506175053e+04
1.561496017829940683e+04
-6.381080717192110023e+04
-1.661313074091245653e+04
-1.665753544074233650e+04
-2.205453065896418047e+04
-3.491056103213552433e+03
-8.529530704363196492e+02
-2.599975686084475456e+04
-2.599975686084475456e+04
-6.205803599037891399e+04
3.314863616736390395e+04
-3.169775424426752215e+04
-1.753690311833474698e+04
-2.017500615111197840e+04
-2.380730184050636672e+04
6.076521958052794798e+04
-1.929563847351956792e+04
-1.928967429987693322e+04
-1.140536520154524442e+04
-1.928967429987693322e+04
8.998181111058647730e+02
-1.489880008555751920e+04
-1.665753544074233650e+04
-2.380730184050636672e+04
5.069707511983193399e+04
-5.986558097004052252e+04
-3.389020926460590999e+04
-7.893858664818235411e+03
1.204013155998716684e+03
-1.732320748028732851e+03
6.076521958052794798e+04
3.928631738958286587e+04
4.323154359146345087e+04
-1.052599752395283213e+04
-1.986207563862578900e+04
-6.135123309633417193e+03
-6.135123309633417193e+03
1.616826552319283792e+03
-2.712343539294927905e+04
-1.489283591191488085e+04
-1.138132937518787730e+04
-1.665157126709970180e+04
-1.577816776314992603e+04
5.901244839898575447e+04
5.112199599522460630e+04
-5.249791458398372924e+03
-7.008526813583192052e+03
3.396468176337112709e+03
-2.104840965506175053e+04
-2.328399649561293245e+03
4.892954097488621483e+04
-2.192777733265416464e+04
-3.497020276856186683e+03
-1.841030662228452275e+04
-8.589172440789570828e+02
-1.665157126709970180e+04
6.137273373770214675e+04
-1.720885492387099930e+03
5.117292437865595275e+04
-1.156193263930160356e+04
-2.933746890555113714e+04
-5.938973171121651103e+04
-1.681410287849869928e+04
5.961996255615995324e+04
-1.856687406004088552e+04
1.403001931513521231e+04
-1.945220591127592706e+04
-6.333495791309709603e+04
-1.504940334967124545e+04
3.375615032453809545e+04
4.715695279512932530e+02
-5.666111694267675375e+03
-1.888888185785092446e+03
-9.611337896148252185e+03
-2.916443891059801899e+04
-1.136410907769043843e+04
-1.417003567207883316e+04
4.164660272829925088e+04
-1.925456148145159386e+04
6.137273373770214675e+04
-2.741166772905582911e+04
-1.603435096960226474e+04
-1.329663216812906103e+04
3.594860534487649420e+04
-1.033635358617950260e+04
-3.647623540969915666e+03
-1.888888185785092446e+03
-1.690136307701900660e+04
-1.857283823368352023e+04
-1.769347055609110976e+04
4.898046935831756127e+04
-3.653587714612547188e+03
6.356518875804053823e+04
1.797524551701578821e+04
3.989383154675706464e+04
-2.714501388521275294e+04
-2.319978768333217522e+04
-2.933746890555113714e+04
-1.068256496170919308e+04
-4.526991218562321592e+03
4.722769817677537503e+04
-5.666111694267675375e+03
-4.161998048682278022e+04
-1.894852359427729880e+03
-1.888888185785092446e+03
2.805815294111533512e+04
-3.328269510743171122e+04
3.594860534487649420e+04
-5.406358896154733884e+03
2.224340709493480063e+03
-3.653587714612547188e+03
-4.161998048682278022e+04
-1.857283823368352023e+04
1.622618350941913832e+03
-1.417599984572146786e+04
5.172951015239879780e+04
-5.412323069797367680e+03
2.805815294111533512e+04
-1.301528306002728641e+02
7.492148469921380638e+02
5.117292437865595275e+04
-2.774220037020136260e+03
-1.136410907769043843e+04
-1.301528306002728641e+02
-9.611337896148252185e+03
-3.109024008709331974e+04
-1.944624173763329600e+04
7.492148469921380638e+02
-1.690136307701900660e+04
2.981092412265752137e+04
3.872317435161117828e+03
4.715695279512932530e+02
2.981092412265752137e+04
-6.333495791309709603e+04
4.953705513206041360e+04
-2.120497709281811694e+04
-5.406358896154733884e+03
-1.015484681835316678e+03
3.200337914299590921e+04
1.227724813359302425e+04
5.567473635427937552e+04
-3.109024008709331974e+04
-5.666111694267675375e+03
4.164660272829925088e+04
5.172951015239879780e+04
-7.418882875809862526e+03
-6.285726573747144357e+03
-2.714501388521275294e+04
-2.774220037020136260e+03
3.872317435161117828e+03
-1.945220591127592706e+04
2.981092412265752137e+04
-2.768255863377503374e+03
-1.894852359427729880e+03
-6.333495791309709603e+04
-1.068256496170919308e+04
-1.076874761240121370e+04
-1.335235271481540258e+04
-2.654965241992352821e+04
-1.598449157394999929e+04
4.662687423426526220e+04
-1.073828550839553827e+04
-2.654965241992352821e+04
2.865351440640455621e+04
-1.334638854117276787e+04
-1.071205228521662320e+03
-1.071205228521662320e+03
-5.462079442841077253e+03
5.232487161768802616e+04
4.443441921392687073e+04
-1.334638854117276787e+04
-9.858917830803127799e+03
-1.423172039240781305e+04
-3.444010482368467638e+04
3.259874060828513757e+04
-3.709308261298891921e+03
-1.686982342518504447e+04
-1.862259460672723071e+04
-1.422575621876517835e+04
-3.444010482368467638e+04
3.479119562862352905e+04
-1.247298503722299210e+04
-1.549320446245724088e+04
-1.335235271481540258e+04
-1.423172039240781305e+04
-3.709308261298891921e+03
-1.422575621876517835e+04
1.111983841734006091e+04
1.566897804255572737e+03
-3.444010482368467638e+04
-1.599045574759263218e+04
-1.071205228521662320e+03
-1.862259460672723071e+04
-3.619287600522686989e+04
-1.858733772866139589e+02
-1.549320446245724088e+04
-1.918375509292513925e+02
-9.864882004445760685e+03
-4.582711765248668598e+03
5.057210043614583265e+04
-8.985514326853353850e+03
-3.619287600522686989e+04
-1.950196228431963755e+04
-2.829940583706481902e+03
1.506506461922064045e+04
-8.576292592062824042e+03
-2.654965241992352821e+04
6.875301266631595354e+02
2.660692760763953629e+03
-4.631066390182248142e+03
1.287260959888224897e+04
5.846255283990699536e+04
3.654396681016571529e+04
-3.703344087656256306e+03
-2.260442621804294322e+04
-3.709308261298891921e+03
4.662687423426526220e+04
3.873642183050410677e+04
-3.619287600522686989e+04
-1.774322692913481660e+04
-2.927437441542855595e+04
-1.334638854117276787e+04
-2.038729413555468636e+04
-4.348268717319551070e+04
4.268164803238468448e+04
-1.598449157394999929e+04
6.934943003057924216e+02
-9.858917830803127799e+03
-3.444010482368467638e+04
1.066930993240516273e+03
-8.734853395112672558e+01
-1.862259460672723071e+04
-1.950792645796227225e+04
4.662687423426526220e+04
-2.654965241992352821e+04
4.776884468392039707e+04
5.057210043614583265e+04
4.776884468392039707e+04
-1.724597564399942712e+04
1.681783580076282669e+04
-1.950792645796227225e+04
-7.220814798025898199e+03
-4.172991599165332445e+04
-1.598449157394999929e+04
1.287260959888224897e+04
-1.511108807000022171e+04
-1.154797826057665952e+04
3.654396681016571529e+04
-2.654965241992352821e+04
-5.884858520407149626e+04
-1.599045574759263218e+04
-4.582711765248668598e+03
2.446265481847979117e+03
5.846255283990699536e+04
2.660692760763953629e+03
-2.260442621804294322e+04
